address,close,high,low,open,type,ts,volume,currency,date
8UuXDKVEpYXkDY1GE2rGjgZjbX7iGe6Bnj1gxvNYpump,3.3695802672065375e-06,3.4851787400687275e-06,3.251010787152019e-06,3.251010787152019e-06,12H,1743724800,71494373.02665299,usd,2025-04-04
8UuXDKVEpYXkDY1GE2rGjgZjbX7iGe6Bnj1gxvNYpump,3.3695802672065375e-06,3.3695802672065375e-06,3.3695802672065375e-06,3.3695802672065375e-06,12H,1743768000,0.0,usd,2025-04-04
8UuXDKVEpYXkDY1GE2rGjgZjbX7iGe6Bnj1gxvNYpump,3.3695802672065375e-06,3.3695802672065375e-06,3.3695802672065375e-06,3.3695802672065375e-06,12H,1743811200,0.0,usd,2025-04-05
8UuXDKVEpYXkDY1GE2rGjgZjbX7iGe6Bnj1gxvNYpump,3.3695802672065375e-06,3.3695802672065375e-06,3.3695802672065375e-06,3.3695802672065375e-06,12H,1743854400,0.0,usd,2025-04-05
8UuXDKVEpYXkDY1GE2rGjgZjbX7iGe6Bnj1gxvNYpump,3.3695802672065375e-06,3.3695802672065375e-06,3.3695802672065375e-06,3.3695802672065375e-06,12H,1743897600,0.0,usd,2025-04-06
8UuXDKVEpYXkDY1GE2rGjgZjbX7iGe6Bnj1gxvNYpump,3.3016693197185786e-06,3.3695802672065375e-06,3.3016693197185786e-06,3.3695802672065375e-06,12H,1743940800,14118421.052631,usd,2025-04-06
8UuXDKVEpYXkDY1GE2rGjgZjbX7iGe6Bnj1gxvNYpump,3.3016693197185786e-06,3.3016693197185786e-06,3.3016693197185786e-06,3.3016693197185786e-06,12H,1743984000,0.0,usd,2025-04-07
8UuXDKVEpYXkDY1GE2rGjgZjbX7iGe6Bnj1gxvNYpump,3.3016693197185786e-06,3.3016693197185786e-06,3.3016693197185786e-06,3.3016693197185786e-06,12H,1744027200,0.0,usd,2025-04-07
8UuXDKVEpYXkDY1GE2rGjgZjbX7iGe6Bnj1gxvNYpump,3.3016693197185786e-06,3.3016693197185786e-06,3.3016693197185786e-06,3.3016693197185786e-06,12H,1744070400,0.0,usd,2025-04-08
8UuXDKVEpYXkDY1GE2rGjgZjbX7iGe6Bnj1gxvNYpump,3.3016693197185786e-06,3.3016693197185786e-06,3.3016693197185786e-06,3.3016693197185786e-06,12H,1744113600,0.0,usd,2025-04-08
8UuXDKVEpYXkDY1GE2rGjgZjbX7iGe6Bnj1gxvNYpump,3.3016693197185786e-06,3.3016693197185786e-06,3.3016693197185786e-06,3.3016693197185786e-06,12H,1744156800,0.0,usd,2025-04-09
8UuXDKVEpYXkDY1GE2rGjgZjbX7iGe6Bnj1gxvNYpump,3.3016693197185786e-06,3.3016693197185786e-06,3.3016693197185786e-06,3.3016693197185786e-06,12H,1744200000,0.0,usd,2025-04-09
8UuXDKVEpYXkDY1GE2rGjgZjbX7iGe6Bnj1gxvNYpump,3.3016693197185786e-06,3.3016693197185786e-06,3.3016693197185786e-06,3.3016693197185786e-06,12H,1744243200,0.0,usd,2025-04-10
8UuXDKVEpYXkDY1GE2rGjgZjbX7iGe6Bnj1gxvNYpump,3.3016693197185786e-06,3.3016693197185786e-06,3.3016693197185786e-06,3.3016693197185786e-06,12H,1744286400,0.0,usd,2025-04-10
8UuXDKVEpYXkDY1GE2rGjgZjbX7iGe6Bnj1gxvNYpump,3.3016693197185786e-06,3.3016693197185786e-06,3.3016693197185786e-06,3.3016693197185786e-06,12H,1744329600,0.0,usd,2025-04-11
8UuXDKVEpYXkDY1GE2rGjgZjbX7iGe6Bnj1gxvNYpump,3.3016693197185786e-06,3.3016693197185786e-06,3.3016693197185786e-06,3.3016693197185786e-06,12H,1744372800,0.0,usd,2025-04-11
8UuXDKVEpYXkDY1GE2rGjgZjbX7iGe6Bnj1gxvNYpump,3.3016693197185786e-06,3.3016693197185786e-06,3.3016693197185786e-06,3.3016693197185786e-06,12H,1744416000,0.0,usd,2025-04-12
8UuXDKVEpYXkDY1GE2rGjgZjbX7iGe6Bnj1gxvNYpump,3.3016693197185786e-06,3.3016693197185786e-06,3.3016693197185786e-06,3.3016693197185786e-06,12H,1744459200,0.0,usd,2025-04-12
8UuXDKVEpYXkDY1GE2rGjgZjbX7iGe6Bnj1gxvNYpump,3.3016693197185786e-06,3.3016693197185786e-06,3.3016693197185786e-06,3.3016693197185786e-06,12H,1744502400,0.0,usd,2025-04-13
8UuXDKVEpYXkDY1GE2rGjgZjbX7iGe6Bnj1gxvNYpump,3.3016693197185786e-06,3.3016693197185786e-06,3.3016693197185786e-06,3.3016693197185786e-06,12H,1744545600,0.0,usd,2025-04-13
8UuXDKVEpYXkDY1GE2rGjgZjbX7iGe6Bnj1gxvNYpump,3.3016693197185786e-06,3.3016693197185786e-06,3.3016693197185786e-06,3.3016693197185786e-06,12H,1744588800,0.0,usd,2025-04-14
8UuXDKVEpYXkDY1GE2rGjgZjbX7iGe6Bnj1gxvNYpump,3.3016693197185786e-06,3.3016693197185786e-06,3.3016693197185786e-06,3.3016693197185786e-06,12H,1744632000,0.0,usd,2025-04-14
8UuXDKVEpYXkDY1GE2rGjgZjbX7iGe6Bnj1gxvNYpump,3.3016693197185786e-06,3.3016693197185786e-06,3.3016693197185786e-06,3.3016693197185786e-06,12H,1744675200,0.0,usd,2025-04-15
8UuXDKVEpYXkDY1GE2rGjgZjbX7iGe6Bnj1gxvNYpump,3.3016693197185786e-06,3.3016693197185786e-06,3.3016693197185786e-06,3.3016693197185786e-06,12H,1744718400,0.0,usd,2025-04-15
8UuXDKVEpYXkDY1GE2rGjgZjbX7iGe6Bnj1gxvNYpump,3.3016693197185786e-06,3.3016693197185786e-06,3.3016693197185786e-06,3.3016693197185786e-06,12H,1744761600,0.0,usd,2025-04-16
8UuXDKVEpYXkDY1GE2rGjgZjbX7iGe6Bnj1gxvNYpump,3.3016693197185786e-06,3.3016693197185786e-06,3.3016693197185786e-06,3.3016693197185786e-06,12H,1744804800,0.0,usd,2025-04-16
8UuXDKVEpYXkDY1GE2rGjgZjbX7iGe6Bnj1gxvNYpump,3.3016693197185786e-06,3.3016693197185786e-06,3.3016693197185786e-06,3.3016693197185786e-06,12H,1744848000,0.0,usd,2025-04-17
8UuXDKVEpYXkDY1GE2rGjgZjbX7iGe6Bnj1gxvNYpump,3.3016693197185786e-06,3.3016693197185786e-06,3.3016693197185786e-06,3.3016693197185786e-06,12H,1744891200,0.0,usd,2025-04-17
8UuXDKVEpYXkDY1GE2rGjgZjbX7iGe6Bnj1gxvNYpump,3.3016693197185786e-06,3.3016693197185786e-06,3.3016693197185786e-06,3.3016693197185786e-06,12H,1744934400,0.0,usd,2025-04-18
8UuXDKVEpYXkDY1GE2rGjgZjbX7iGe6Bnj1gxvNYpump,3.3016693197185786e-06,3.3016693197185786e-06,3.3016693197185786e-06,3.3016693197185786e-06,12H,1744977600,0.0,usd,2025-04-18
8UuXDKVEpYXkDY1GE2rGjgZjbX7iGe6Bnj1gxvNYpump,3.3016693197185786e-06,3.3016693197185786e-06,3.3016693197185786e-06,3.3016693197185786e-06,12H,1745020800,0.0,usd,2025-04-19
8UuXDKVEpYXkDY1GE2rGjgZjbX7iGe6Bnj1gxvNYpump,3.3016693197185786e-06,3.3016693197185786e-06,3.3016693197185786e-06,3.3016693197185786e-06,12H,1745064000,0.0,usd,2025-04-19
8UuXDKVEpYXkDY1GE2rGjgZjbX7iGe6Bnj1gxvNYpump,3.3016693197185786e-06,3.3016693197185786e-06,3.3016693197185786e-06,3.3016693197185786e-06,12H,1745107200,0.0,usd,2025-04-20
8UuXDKVEpYXkDY1GE2rGjgZjbX7iGe6Bnj1gxvNYpump,3.3016693197185786e-06,3.3016693197185786e-06,3.3016693197185786e-06,3.3016693197185786e-06,12H,1745150400,0.0,usd,2025-04-20
8UuXDKVEpYXkDY1GE2rGjgZjbX7iGe6Bnj1gxvNYpump,3.3016693197185786e-06,3.3016693197185786e-06,3.3016693197185786e-06,3.3016693197185786e-06,12H,1745193600,0.0,usd,2025-04-21
8UuXDKVEpYXkDY1GE2rGjgZjbX7iGe6Bnj1gxvNYpump,3.3016693197185786e-06,3.3016693197185786e-06,3.3016693197185786e-06,3.3016693197185786e-06,12H,1745236800,0.0,usd,2025-04-21
8UuXDKVEpYXkDY1GE2rGjgZjbX7iGe6Bnj1gxvNYpump,3.3016693197185786e-06,3.3016693197185786e-06,3.3016693197185786e-06,3.3016693197185786e-06,12H,1745280000,0.0,usd,2025-04-22
8UuXDKVEpYXkDY1GE2rGjgZjbX7iGe6Bnj1gxvNYpump,3.3016693197185786e-06,3.3016693197185786e-06,3.3016693197185786e-06,3.3016693197185786e-06,12H,1745323200,0.0,usd,2025-04-22
8UuXDKVEpYXkDY1GE2rGjgZjbX7iGe6Bnj1gxvNYpump,3.3016693197185786e-06,3.3016693197185786e-06,3.3016693197185786e-06,3.3016693197185786e-06,12H,1745366400,0.0,usd,2025-04-23
8UuXDKVEpYXkDY1GE2rGjgZjbX7iGe6Bnj1gxvNYpump,3.3016693197185786e-06,3.3016693197185786e-06,3.3016693197185786e-06,3.3016693197185786e-06,12H,1745409600,0.0,usd,2025-04-23
8UuXDKVEpYXkDY1GE2rGjgZjbX7iGe6Bnj1gxvNYpump,3.3016693197185786e-06,3.3016693197185786e-06,3.3016693197185786e-06,3.3016693197185786e-06,12H,1745452800,0.0,usd,2025-04-24
8UuXDKVEpYXkDY1GE2rGjgZjbX7iGe6Bnj1gxvNYpump,3.3016693197185786e-06,3.3016693197185786e-06,3.3016693197185786e-06,3.3016693197185786e-06,12H,1745496000,0.0,usd,2025-04-24
8UuXDKVEpYXkDY1GE2rGjgZjbX7iGe6Bnj1gxvNYpump,3.3016693197185786e-06,3.3016693197185786e-06,3.3016693197185786e-06,3.3016693197185786e-06,12H,1745539200,0.0,usd,2025-04-25
8UuXDKVEpYXkDY1GE2rGjgZjbX7iGe6Bnj1gxvNYpump,3.3016693197185786e-06,3.3016693197185786e-06,3.3016693197185786e-06,3.3016693197185786e-06,12H,1745582400,0.0,usd,2025-04-25
8UuXDKVEpYXkDY1GE2rGjgZjbX7iGe6Bnj1gxvNYpump,3.3016693197185786e-06,3.3016693197185786e-06,3.3016693197185786e-06,3.3016693197185786e-06,12H,1745625600,0.0,usd,2025-04-26
8UuXDKVEpYXkDY1GE2rGjgZjbX7iGe6Bnj1gxvNYpump,3.3016693197185786e-06,3.3016693197185786e-06,3.3016693197185786e-06,3.3016693197185786e-06,12H,1745668800,0.0,usd,2025-04-26
8UuXDKVEpYXkDY1GE2rGjgZjbX7iGe6Bnj1gxvNYpump,3.3016693197185786e-06,3.3016693197185786e-06,3.3016693197185786e-06,3.3016693197185786e-06,12H,1745712000,0.0,usd,2025-04-27
8UuXDKVEpYXkDY1GE2rGjgZjbX7iGe6Bnj1gxvNYpump,3.3016693197185786e-06,3.3016693197185786e-06,3.3016693197185786e-06,3.3016693197185786e-06,12H,1745755200,0.0,usd,2025-04-27
8UuXDKVEpYXkDY1GE2rGjgZjbX7iGe6Bnj1gxvNYpump,3.3016693197185786e-06,3.3016693197185786e-06,3.3016693197185786e-06,3.3016693197185786e-06,12H,1745798400,0.0,usd,2025-04-28
8UuXDKVEpYXkDY1GE2rGjgZjbX7iGe6Bnj1gxvNYpump,3.3016693197185786e-06,3.3016693197185786e-06,3.3016693197185786e-06,3.3016693197185786e-06,12H,1745841600,0.0,usd,2025-04-28
8UuXDKVEpYXkDY1GE2rGjgZjbX7iGe6Bnj1gxvNYpump,3.3016693197185786e-06,3.3016693197185786e-06,3.3016693197185786e-06,3.3016693197185786e-06,12H,1745884800,0.0,usd,2025-04-29
8UuXDKVEpYXkDY1GE2rGjgZjbX7iGe6Bnj1gxvNYpump,3.3016693197185786e-06,3.3016693197185786e-06,3.3016693197185786e-06,3.3016693197185786e-06,12H,1745928000,0.0,usd,2025-04-29
8UuXDKVEpYXkDY1GE2rGjgZjbX7iGe6Bnj1gxvNYpump,3.3016693197185786e-06,3.3016693197185786e-06,3.3016693197185786e-06,3.3016693197185786e-06,12H,1745971200,0.0,usd,2025-04-30
8UuXDKVEpYXkDY1GE2rGjgZjbX7iGe6Bnj1gxvNYpump,3.3016693197185786e-06,3.3016693197185786e-06,3.3016693197185786e-06,3.3016693197185786e-06,12H,1746014400,0.0,usd,2025-04-30
8UuXDKVEpYXkDY1GE2rGjgZjbX7iGe6Bnj1gxvNYpump,3.3016693197185786e-06,3.3016693197185786e-06,3.3016693197185786e-06,3.3016693197185786e-06,12H,1746057600,0.0,usd,2025-05-01
8UuXDKVEpYXkDY1GE2rGjgZjbX7iGe6Bnj1gxvNYpump,3.3016693197185786e-06,3.3016693197185786e-06,3.3016693197185786e-06,3.3016693197185786e-06,12H,1746100800,0.0,usd,2025-05-01
8UuXDKVEpYXkDY1GE2rGjgZjbX7iGe6Bnj1gxvNYpump,3.3016693197185786e-06,3.3016693197185786e-06,3.3016693197185786e-06,3.3016693197185786e-06,12H,1746144000,0.0,usd,2025-05-02
8UuXDKVEpYXkDY1GE2rGjgZjbX7iGe6Bnj1gxvNYpump,3.3016693197185786e-06,3.3016693197185786e-06,3.3016693197185786e-06,3.3016693197185786e-06,12H,1746187200,0.0,usd,2025-05-02
8UuXDKVEpYXkDY1GE2rGjgZjbX7iGe6Bnj1gxvNYpump,3.3016693197185786e-06,3.3016693197185786e-06,3.3016693197185786e-06,3.3016693197185786e-06,12H,1746230400,0.0,usd,2025-05-03
8UuXDKVEpYXkDY1GE2rGjgZjbX7iGe6Bnj1gxvNYpump,3.3016693197185786e-06,3.3016693197185786e-06,3.3016693197185786e-06,3.3016693197185786e-06,12H,1746273600,0.0,usd,2025-05-03
8UuXDKVEpYXkDY1GE2rGjgZjbX7iGe6Bnj1gxvNYpump,3.3016693197185786e-06,3.3016693197185786e-06,3.3016693197185786e-06,3.3016693197185786e-06,12H,1746316800,0.0,usd,2025-05-04
8UuXDKVEpYXkDY1GE2rGjgZjbX7iGe6Bnj1gxvNYpump,3.3016693197185786e-06,3.3016693197185786e-06,3.3016693197185786e-06,3.3016693197185786e-06,12H,1746360000,0.0,usd,2025-05-04
8UuXDKVEpYXkDY1GE2rGjgZjbX7iGe6Bnj1gxvNYpump,3.3016693197185786e-06,3.3016693197185786e-06,3.3016693197185786e-06,3.3016693197185786e-06,12H,1746403200,0.0,usd,2025-05-05
8UuXDKVEpYXkDY1GE2rGjgZjbX7iGe6Bnj1gxvNYpump,3.3016693197185786e-06,3.3016693197185786e-06,3.3016693197185786e-06,3.3016693197185786e-06,12H,1746446400,0.0,usd,2025-05-05
8UuXDKVEpYXkDY1GE2rGjgZjbX7iGe6Bnj1gxvNYpump,3.3016693197185786e-06,3.3016693197185786e-06,3.3016693197185786e-06,3.3016693197185786e-06,12H,1746489600,0.0,usd,2025-05-06
8UuXDKVEpYXkDY1GE2rGjgZjbX7iGe6Bnj1gxvNYpump,3.3016693197185786e-06,3.3016693197185786e-06,3.3016693197185786e-06,3.3016693197185786e-06,12H,1746532800,0.0,usd,2025-05-06
8UuXDKVEpYXkDY1GE2rGjgZjbX7iGe6Bnj1gxvNYpump,3.3016693197185786e-06,3.3016693197185786e-06,3.3016693197185786e-06,3.3016693197185786e-06,12H,1746576000,0.0,usd,2025-05-07
8UuXDKVEpYXkDY1GE2rGjgZjbX7iGe6Bnj1gxvNYpump,3.3016693197185786e-06,3.3016693197185786e-06,3.3016693197185786e-06,3.3016693197185786e-06,12H,1746619200,0.0,usd,2025-05-07
8UuXDKVEpYXkDY1GE2rGjgZjbX7iGe6Bnj1gxvNYpump,3.3016693197185786e-06,3.3016693197185786e-06,3.3016693197185786e-06,3.3016693197185786e-06,12H,1746662400,0.0,usd,2025-05-08
8UuXDKVEpYXkDY1GE2rGjgZjbX7iGe6Bnj1gxvNYpump,3.3016693197185786e-06,3.3016693197185786e-06,3.3016693197185786e-06,3.3016693197185786e-06,12H,1746705600,0.0,usd,2025-05-08
8UuXDKVEpYXkDY1GE2rGjgZjbX7iGe6Bnj1gxvNYpump,3.3016693197185786e-06,3.3016693197185786e-06,3.3016693197185786e-06,3.3016693197185786e-06,12H,1746748800,0.0,usd,2025-05-09
8UuXDKVEpYXkDY1GE2rGjgZjbX7iGe6Bnj1gxvNYpump,3.3016693197185786e-06,3.3016693197185786e-06,3.3016693197185786e-06,3.3016693197185786e-06,12H,1746792000,0.0,usd,2025-05-09
8UuXDKVEpYXkDY1GE2rGjgZjbX7iGe6Bnj1gxvNYpump,3.3016693197185786e-06,3.3016693197185786e-06,3.3016693197185786e-06,3.3016693197185786e-06,12H,1746835200,0.0,usd,2025-05-10
8UuXDKVEpYXkDY1GE2rGjgZjbX7iGe6Bnj1gxvNYpump,3.3016693197185786e-06,3.3016693197185786e-06,3.3016693197185786e-06,3.3016693197185786e-06,12H,1746878400,0.0,usd,2025-05-10
8UuXDKVEpYXkDY1GE2rGjgZjbX7iGe6Bnj1gxvNYpump,3.3016693197185786e-06,3.3016693197185786e-06,3.3016693197185786e-06,3.3016693197185786e-06,12H,1746921600,0.0,usd,2025-05-11
8UuXDKVEpYXkDY1GE2rGjgZjbX7iGe6Bnj1gxvNYpump,3.3016693197185786e-06,3.3016693197185786e-06,3.3016693197185786e-06,3.3016693197185786e-06,12H,1746964800,0.0,usd,2025-05-11
8UuXDKVEpYXkDY1GE2rGjgZjbX7iGe6Bnj1gxvNYpump,3.3016693197185786e-06,3.3016693197185786e-06,3.3016693197185786e-06,3.3016693197185786e-06,12H,1747008000,0.0,usd,2025-05-12
8UuXDKVEpYXkDY1GE2rGjgZjbX7iGe6Bnj1gxvNYpump,3.3016693197185786e-06,3.3016693197185786e-06,3.3016693197185786e-06,3.3016693197185786e-06,12H,1747051200,0.0,usd,2025-05-12
8UuXDKVEpYXkDY1GE2rGjgZjbX7iGe6Bnj1gxvNYpump,3.3016693197185786e-06,3.3016693197185786e-06,3.3016693197185786e-06,3.3016693197185786e-06,12H,1747094400,0.0,usd,2025-05-13
8UuXDKVEpYXkDY1GE2rGjgZjbX7iGe6Bnj1gxvNYpump,3.3016693197185786e-06,3.3016693197185786e-06,3.3016693197185786e-06,3.3016693197185786e-06,12H,1747137600,0.0,usd,2025-05-13
8UuXDKVEpYXkDY1GE2rGjgZjbX7iGe6Bnj1gxvNYpump,3.3016693197185786e-06,3.3016693197185786e-06,3.3016693197185786e-06,3.3016693197185786e-06,12H,1747180800,0.0,usd,2025-05-14
8UuXDKVEpYXkDY1GE2rGjgZjbX7iGe6Bnj1gxvNYpump,3.3016693197185786e-06,3.3016693197185786e-06,3.3016693197185786e-06,3.3016693197185786e-06,12H,1747224000,0.0,usd,2025-05-14
8UuXDKVEpYXkDY1GE2rGjgZjbX7iGe6Bnj1gxvNYpump,3.3016693197185786e-06,3.3016693197185786e-06,3.3016693197185786e-06,3.3016693197185786e-06,12H,1747267200,0.0,usd,2025-05-15
8UuXDKVEpYXkDY1GE2rGjgZjbX7iGe6Bnj1gxvNYpump,3.3016693197185786e-06,3.3016693197185786e-06,3.3016693197185786e-06,3.3016693197185786e-06,12H,1747310400,0.0,usd,2025-05-15
8UuXDKVEpYXkDY1GE2rGjgZjbX7iGe6Bnj1gxvNYpump,3.3016693197185786e-06,3.3016693197185786e-06,3.3016693197185786e-06,3.3016693197185786e-06,12H,1747353600,0.0,usd,2025-05-16
8UuXDKVEpYXkDY1GE2rGjgZjbX7iGe6Bnj1gxvNYpump,3.3016693197185786e-06,3.3016693197185786e-06,3.3016693197185786e-06,3.3016693197185786e-06,12H,1747396800,0.0,usd,2025-05-16
8UuXDKVEpYXkDY1GE2rGjgZjbX7iGe6Bnj1gxvNYpump,3.3016693197185786e-06,3.3016693197185786e-06,3.3016693197185786e-06,3.3016693197185786e-06,12H,1747440000,0.0,usd,2025-05-17
8UuXDKVEpYXkDY1GE2rGjgZjbX7iGe6Bnj1gxvNYpump,3.3016693197185786e-06,3.3016693197185786e-06,3.3016693197185786e-06,3.3016693197185786e-06,12H,1747483200,0.0,usd,2025-05-17
8UuXDKVEpYXkDY1GE2rGjgZjbX7iGe6Bnj1gxvNYpump,3.3016693197185786e-06,3.3016693197185786e-06,3.3016693197185786e-06,3.3016693197185786e-06,12H,1747526400,0.0,usd,2025-05-18
8UuXDKVEpYXkDY1GE2rGjgZjbX7iGe6Bnj1gxvNYpump,3.3016693197185786e-06,3.3016693197185786e-06,3.3016693197185786e-06,3.3016693197185786e-06,12H,1747569600,0.0,usd,2025-05-18
8UuXDKVEpYXkDY1GE2rGjgZjbX7iGe6Bnj1gxvNYpump,3.3016693197185786e-06,3.3016693197185786e-06,3.3016693197185786e-06,3.3016693197185786e-06,12H,1747612800,0.0,usd,2025-05-19
8UuXDKVEpYXkDY1GE2rGjgZjbX7iGe6Bnj1gxvNYpump,3.3016693197185786e-06,3.3016693197185786e-06,3.3016693197185786e-06,3.3016693197185786e-06,12H,1747656000,0.0,usd,2025-05-19
8UuXDKVEpYXkDY1GE2rGjgZjbX7iGe6Bnj1gxvNYpump,3.3016693197185786e-06,3.3016693197185786e-06,3.3016693197185786e-06,3.3016693197185786e-06,12H,1747699200,0.0,usd,2025-05-20
8UuXDKVEpYXkDY1GE2rGjgZjbX7iGe6Bnj1gxvNYpump,3.3016693197185786e-06,3.3016693197185786e-06,3.3016693197185786e-06,3.3016693197185786e-06,12H,1747742400,0.0,usd,2025-05-20
8UuXDKVEpYXkDY1GE2rGjgZjbX7iGe6Bnj1gxvNYpump,3.3016693197185786e-06,3.3016693197185786e-06,3.3016693197185786e-06,3.3016693197185786e-06,12H,1747785600,0.0,usd,2025-05-21
8UuXDKVEpYXkDY1GE2rGjgZjbX7iGe6Bnj1gxvNYpump,3.3016693197185786e-06,3.3016693197185786e-06,3.3016693197185786e-06,3.3016693197185786e-06,12H,1747828800,0.0,usd,2025-05-21
8UuXDKVEpYXkDY1GE2rGjgZjbX7iGe6Bnj1gxvNYpump,3.3016693197185786e-06,3.3016693197185786e-06,3.3016693197185786e-06,3.3016693197185786e-06,12H,1747872000,0.0,usd,2025-05-22
8UuXDKVEpYXkDY1GE2rGjgZjbX7iGe6Bnj1gxvNYpump,3.3016693197185786e-06,3.3016693197185786e-06,3.3016693197185786e-06,3.3016693197185786e-06,12H,1747915200,0.0,usd,2025-05-22
8UuXDKVEpYXkDY1GE2rGjgZjbX7iGe6Bnj1gxvNYpump,3.3016693197185786e-06,3.3016693197185786e-06,3.3016693197185786e-06,3.3016693197185786e-06,12H,1747958400,0.0,usd,2025-05-23
8UuXDKVEpYXkDY1GE2rGjgZjbX7iGe6Bnj1gxvNYpump,3.3016693197185786e-06,3.3016693197185786e-06,3.3016693197185786e-06,3.3016693197185786e-06,12H,1748001600,0.0,usd,2025-05-23
8UuXDKVEpYXkDY1GE2rGjgZjbX7iGe6Bnj1gxvNYpump,3.3016693197185786e-06,3.3016693197185786e-06,3.3016693197185786e-06,3.3016693197185786e-06,12H,1748044800,0.0,usd,2025-05-24
8UuXDKVEpYXkDY1GE2rGjgZjbX7iGe6Bnj1gxvNYpump,3.3016693197185786e-06,3.3016693197185786e-06,3.3016693197185786e-06,3.3016693197185786e-06,12H,1748088000,0.0,usd,2025-05-24
8UuXDKVEpYXkDY1GE2rGjgZjbX7iGe6Bnj1gxvNYpump,3.3016693197185786e-06,3.3016693197185786e-06,3.3016693197185786e-06,3.3016693197185786e-06,12H,1748131200,0.0,usd,2025-05-25
8UuXDKVEpYXkDY1GE2rGjgZjbX7iGe6Bnj1gxvNYpump,3.3016693197185786e-06,3.3016693197185786e-06,3.3016693197185786e-06,3.3016693197185786e-06,12H,1748174400,0.0,usd,2025-05-25
8UuXDKVEpYXkDY1GE2rGjgZjbX7iGe6Bnj1gxvNYpump,3.3016693197185786e-06,3.3016693197185786e-06,3.3016693197185786e-06,3.3016693197185786e-06,12H,1748217600,0.0,usd,2025-05-26
8UuXDKVEpYXkDY1GE2rGjgZjbX7iGe6Bnj1gxvNYpump,3.3016693197185786e-06,3.3016693197185786e-06,3.3016693197185786e-06,3.3016693197185786e-06,12H,1748260800,0.0,usd,2025-05-26
8UuXDKVEpYXkDY1GE2rGjgZjbX7iGe6Bnj1gxvNYpump,3.3016693197185786e-06,3.3016693197185786e-06,3.3016693197185786e-06,3.3016693197185786e-06,12H,1748304000,0.0,usd,2025-05-27
8UuXDKVEpYXkDY1GE2rGjgZjbX7iGe6Bnj1gxvNYpump,3.3016693197185786e-06,3.3016693197185786e-06,3.3016693197185786e-06,3.3016693197185786e-06,12H,1748347200,0.0,usd,2025-05-27
8UuXDKVEpYXkDY1GE2rGjgZjbX7iGe6Bnj1gxvNYpump,3.3016693197185786e-06,3.3016693197185786e-06,3.3016693197185786e-06,3.3016693197185786e-06,12H,1748390400,0.0,usd,2025-05-28
8UuXDKVEpYXkDY1GE2rGjgZjbX7iGe6Bnj1gxvNYpump,3.3016693197185786e-06,3.3016693197185786e-06,3.3016693197185786e-06,3.3016693197185786e-06,12H,1748433600,0.0,usd,2025-05-28
8UuXDKVEpYXkDY1GE2rGjgZjbX7iGe6Bnj1gxvNYpump,3.3016693197185786e-06,3.3016693197185786e-06,3.3016693197185786e-06,3.3016693197185786e-06,12H,1748476800,0.0,usd,2025-05-29
8UuXDKVEpYXkDY1GE2rGjgZjbX7iGe6Bnj1gxvNYpump,3.3016693197185786e-06,3.3016693197185786e-06,3.3016693197185786e-06,3.3016693197185786e-06,12H,1748520000,0.0,usd,2025-05-29
8UuXDKVEpYXkDY1GE2rGjgZjbX7iGe6Bnj1gxvNYpump,3.3016693197185786e-06,3.3016693197185786e-06,3.3016693197185786e-06,3.3016693197185786e-06,12H,1748563200,0.0,usd,2025-05-30
8UuXDKVEpYXkDY1GE2rGjgZjbX7iGe6Bnj1gxvNYpump,3.3016693197185786e-06,3.3016693197185786e-06,3.3016693197185786e-06,3.3016693197185786e-06,12H,1748606400,0.0,usd,2025-05-30
8UuXDKVEpYXkDY1GE2rGjgZjbX7iGe6Bnj1gxvNYpump,3.3016693197185786e-06,3.3016693197185786e-06,3.3016693197185786e-06,3.3016693197185786e-06,12H,1748649600,0.0,usd,2025-05-31
8UuXDKVEpYXkDY1GE2rGjgZjbX7iGe6Bnj1gxvNYpump,3.3016693197185786e-06,3.3016693197185786e-06,3.3016693197185786e-06,3.3016693197185786e-06,12H,1748692800,0.0,usd,2025-05-31
8UuXDKVEpYXkDY1GE2rGjgZjbX7iGe6Bnj1gxvNYpump,3.3016693197185786e-06,3.3016693197185786e-06,3.3016693197185786e-06,3.3016693197185786e-06,12H,1748736000,0.0,usd,2025-06-01
8UuXDKVEpYXkDY1GE2rGjgZjbX7iGe6Bnj1gxvNYpump,3.3016693197185786e-06,3.3016693197185786e-06,3.3016693197185786e-06,3.3016693197185786e-06,12H,1748779200,0.0,usd,2025-06-01
8UuXDKVEpYXkDY1GE2rGjgZjbX7iGe6Bnj1gxvNYpump,3.3016693197185786e-06,3.3016693197185786e-06,3.3016693197185786e-06,3.3016693197185786e-06,12H,1748822400,0.0,usd,2025-06-02
8UuXDKVEpYXkDY1GE2rGjgZjbX7iGe6Bnj1gxvNYpump,3.3016693197185786e-06,3.3016693197185786e-06,3.3016693197185786e-06,3.3016693197185786e-06,12H,1748865600,0.0,usd,2025-06-02
8UuXDKVEpYXkDY1GE2rGjgZjbX7iGe6Bnj1gxvNYpump,3.3016693197185786e-06,3.3016693197185786e-06,3.3016693197185786e-06,3.3016693197185786e-06,12H,1748908800,0.0,usd,2025-06-03
8UuXDKVEpYXkDY1GE2rGjgZjbX7iGe6Bnj1gxvNYpump,3.3016693197185786e-06,3.3016693197185786e-06,3.3016693197185786e-06,3.3016693197185786e-06,12H,1748952000,0.0,usd,2025-06-03
8UuXDKVEpYXkDY1GE2rGjgZjbX7iGe6Bnj1gxvNYpump,3.3016693197185786e-06,3.3016693197185786e-06,3.3016693197185786e-06,3.3016693197185786e-06,12H,1748995200,0.0,usd,2025-06-04
8UuXDKVEpYXkDY1GE2rGjgZjbX7iGe6Bnj1gxvNYpump,3.3016693197185786e-06,3.3016693197185786e-06,3.3016693197185786e-06,3.3016693197185786e-06,12H,1749038400,0.0,usd,2025-06-04
8UuXDKVEpYXkDY1GE2rGjgZjbX7iGe6Bnj1gxvNYpump,3.3016693197185786e-06,3.3016693197185786e-06,3.3016693197185786e-06,3.3016693197185786e-06,12H,1749081600,0.0,usd,2025-06-05
8UuXDKVEpYXkDY1GE2rGjgZjbX7iGe6Bnj1gxvNYpump,3.3016693197185786e-06,3.3016693197185786e-06,3.3016693197185786e-06,3.3016693197185786e-06,12H,1749124800,0.0,usd,2025-06-05
8UuXDKVEpYXkDY1GE2rGjgZjbX7iGe6Bnj1gxvNYpump,3.3016693197185786e-06,3.3016693197185786e-06,3.3016693197185786e-06,3.3016693197185786e-06,12H,1749168000,0.0,usd,2025-06-06
8UuXDKVEpYXkDY1GE2rGjgZjbX7iGe6Bnj1gxvNYpump,3.3016693197185786e-06,3.3016693197185786e-06,3.3016693197185786e-06,3.3016693197185786e-06,12H,1749211200,0.0,usd,2025-06-06
8UuXDKVEpYXkDY1GE2rGjgZjbX7iGe6Bnj1gxvNYpump,3.3016693197185786e-06,3.3016693197185786e-06,3.3016693197185786e-06,3.3016693197185786e-06,12H,1749254400,0.0,usd,2025-06-07
8UuXDKVEpYXkDY1GE2rGjgZjbX7iGe6Bnj1gxvNYpump,3.3016693197185786e-06,3.3016693197185786e-06,3.3016693197185786e-06,3.3016693197185786e-06,12H,1749297600,0.0,usd,2025-06-07
8UuXDKVEpYXkDY1GE2rGjgZjbX7iGe6Bnj1gxvNYpump,3.3016693197185786e-06,3.3016693197185786e-06,3.3016693197185786e-06,3.3016693197185786e-06,12H,1749340800,0.0,usd,2025-06-08
8UuXDKVEpYXkDY1GE2rGjgZjbX7iGe6Bnj1gxvNYpump,3.3016693197185786e-06,3.3016693197185786e-06,3.3016693197185786e-06,3.3016693197185786e-06,12H,1749384000,0.0,usd,2025-06-08
8UuXDKVEpYXkDY1GE2rGjgZjbX7iGe6Bnj1gxvNYpump,3.3016693197185786e-06,3.3016693197185786e-06,3.3016693197185786e-06,3.3016693197185786e-06,12H,1749427200,0.0,usd,2025-06-09
8UuXDKVEpYXkDY1GE2rGjgZjbX7iGe6Bnj1gxvNYpump,3.3016693197185786e-06,3.3016693197185786e-06,3.3016693197185786e-06,3.3016693197185786e-06,12H,1749470400,0.0,usd,2025-06-09
8UuXDKVEpYXkDY1GE2rGjgZjbX7iGe6Bnj1gxvNYpump,3.3016693197185786e-06,3.3016693197185786e-06,3.3016693197185786e-06,3.3016693197185786e-06,12H,1749513600,0.0,usd,2025-06-10
8UuXDKVEpYXkDY1GE2rGjgZjbX7iGe6Bnj1gxvNYpump,3.3016693197185786e-06,3.3016693197185786e-06,3.3016693197185786e-06,3.3016693197185786e-06,12H,1749556800,0.0,usd,2025-06-10
8UuXDKVEpYXkDY1GE2rGjgZjbX7iGe6Bnj1gxvNYpump,3.3016693197185786e-06,3.3016693197185786e-06,3.3016693197185786e-06,3.3016693197185786e-06,12H,1749600000,0.0,usd,2025-06-11
8UuXDKVEpYXkDY1GE2rGjgZjbX7iGe6Bnj1gxvNYpump,3.3016693197185786e-06,3.3016693197185786e-06,3.3016693197185786e-06,3.3016693197185786e-06,12H,1749643200,0.0,usd,2025-06-11
8UuXDKVEpYXkDY1GE2rGjgZjbX7iGe6Bnj1gxvNYpump,3.3016693197185786e-06,3.3016693197185786e-06,3.3016693197185786e-06,3.3016693197185786e-06,12H,1749686400,0.0,usd,2025-06-12
8UuXDKVEpYXkDY1GE2rGjgZjbX7iGe6Bnj1gxvNYpump,3.3016693197185786e-06,3.3016693197185786e-06,3.3016693197185786e-06,3.3016693197185786e-06,12H,1749729600,0.0,usd,2025-06-12
8UuXDKVEpYXkDY1GE2rGjgZjbX7iGe6Bnj1gxvNYpump,3.3016693197185786e-06,3.3016693197185786e-06,3.3016693197185786e-06,3.3016693197185786e-06,12H,1749772800,0.0,usd,2025-06-13
8UuXDKVEpYXkDY1GE2rGjgZjbX7iGe6Bnj1gxvNYpump,3.3016693197185786e-06,3.3016693197185786e-06,3.3016693197185786e-06,3.3016693197185786e-06,12H,1749816000,0.0,usd,2025-06-13
8UuXDKVEpYXkDY1GE2rGjgZjbX7iGe6Bnj1gxvNYpump,3.3016693197185786e-06,3.3016693197185786e-06,3.3016693197185786e-06,3.3016693197185786e-06,12H,1749859200,0.0,usd,2025-06-14
8UuXDKVEpYXkDY1GE2rGjgZjbX7iGe6Bnj1gxvNYpump,3.3016693197185786e-06,3.3016693197185786e-06,3.3016693197185786e-06,3.3016693197185786e-06,12H,1749902400,0.0,usd,2025-06-14
8UuXDKVEpYXkDY1GE2rGjgZjbX7iGe6Bnj1gxvNYpump,3.3016693197185786e-06,3.3016693197185786e-06,3.3016693197185786e-06,3.3016693197185786e-06,12H,1749945600,0.0,usd,2025-06-15
8UuXDKVEpYXkDY1GE2rGjgZjbX7iGe6Bnj1gxvNYpump,3.3016693197185786e-06,3.3016693197185786e-06,3.3016693197185786e-06,3.3016693197185786e-06,12H,1749988800,0.0,usd,2025-06-15
8UuXDKVEpYXkDY1GE2rGjgZjbX7iGe6Bnj1gxvNYpump,3.3016693197185786e-06,3.3016693197185786e-06,3.3016693197185786e-06,3.3016693197185786e-06,12H,1750032000,0.0,usd,2025-06-16
8UuXDKVEpYXkDY1GE2rGjgZjbX7iGe6Bnj1gxvNYpump,3.3016693197185786e-06,3.3016693197185786e-06,3.3016693197185786e-06,3.3016693197185786e-06,12H,1750075200,0.0,usd,2025-06-16
8UuXDKVEpYXkDY1GE2rGjgZjbX7iGe6Bnj1gxvNYpump,3.3016693197185786e-06,3.3016693197185786e-06,3.3016693197185786e-06,3.3016693197185786e-06,12H,1750118400,0.0,usd,2025-06-17
8UuXDKVEpYXkDY1GE2rGjgZjbX7iGe6Bnj1gxvNYpump,3.3016693197185786e-06,3.3016693197185786e-06,3.3016693197185786e-06,3.3016693197185786e-06,12H,1750161600,0.0,usd,2025-06-17
8UuXDKVEpYXkDY1GE2rGjgZjbX7iGe6Bnj1gxvNYpump,3.3016693197185786e-06,3.3016693197185786e-06,3.3016693197185786e-06,3.3016693197185786e-06,12H,1750204800,0.0,usd,2025-06-18
8UuXDKVEpYXkDY1GE2rGjgZjbX7iGe6Bnj1gxvNYpump,3.3016693197185786e-06,3.3016693197185786e-06,3.3016693197185786e-06,3.3016693197185786e-06,12H,1750248000,0.0,usd,2025-06-18
8UuXDKVEpYXkDY1GE2rGjgZjbX7iGe6Bnj1gxvNYpump,3.3016693197185786e-06,3.3016693197185786e-06,3.3016693197185786e-06,3.3016693197185786e-06,12H,1750291200,0.0,usd,2025-06-19
8UuXDKVEpYXkDY1GE2rGjgZjbX7iGe6Bnj1gxvNYpump,3.3016693197185786e-06,3.3016693197185786e-06,3.3016693197185786e-06,3.3016693197185786e-06,12H,1750334400,0.0,usd,2025-06-19
8UuXDKVEpYXkDY1GE2rGjgZjbX7iGe6Bnj1gxvNYpump,3.3016693197185786e-06,3.3016693197185786e-06,3.3016693197185786e-06,3.3016693197185786e-06,12H,1750377600,0.0,usd,2025-06-20
8UuXDKVEpYXkDY1GE2rGjgZjbX7iGe6Bnj1gxvNYpump,3.3016693197185786e-06,3.3016693197185786e-06,3.3016693197185786e-06,3.3016693197185786e-06,12H,1750420800,0.0,usd,2025-06-20
8UuXDKVEpYXkDY1GE2rGjgZjbX7iGe6Bnj1gxvNYpump,3.3016693197185786e-06,3.3016693197185786e-06,3.3016693197185786e-06,3.3016693197185786e-06,12H,1750464000,0.0,usd,2025-06-21
8UuXDKVEpYXkDY1GE2rGjgZjbX7iGe6Bnj1gxvNYpump,3.3016693197185786e-06,3.3016693197185786e-06,3.3016693197185786e-06,3.3016693197185786e-06,12H,1750507200,0.0,usd,2025-06-21
8UuXDKVEpYXkDY1GE2rGjgZjbX7iGe6Bnj1gxvNYpump,3.3016693197185786e-06,3.3016693197185786e-06,3.3016693197185786e-06,3.3016693197185786e-06,12H,1750550400,0.0,usd,2025-06-22
8UuXDKVEpYXkDY1GE2rGjgZjbX7iGe6Bnj1gxvNYpump,3.3016693197185786e-06,3.3016693197185786e-06,3.3016693197185786e-06,3.3016693197185786e-06,12H,1750593600,0.0,usd,2025-06-22
8UuXDKVEpYXkDY1GE2rGjgZjbX7iGe6Bnj1gxvNYpump,3.3016693197185786e-06,3.3016693197185786e-06,3.3016693197185786e-06,3.3016693197185786e-06,12H,1750636800,0.0,usd,2025-06-23
8UuXDKVEpYXkDY1GE2rGjgZjbX7iGe6Bnj1gxvNYpump,3.3016693197185786e-06,3.3016693197185786e-06,3.3016693197185786e-06,3.3016693197185786e-06,12H,1750680000,0.0,usd,2025-06-23
8UuXDKVEpYXkDY1GE2rGjgZjbX7iGe6Bnj1gxvNYpump,3.3016693197185786e-06,3.3016693197185786e-06,3.3016693197185786e-06,3.3016693197185786e-06,12H,1750723200,0.0,usd,2025-06-24
8UuXDKVEpYXkDY1GE2rGjgZjbX7iGe6Bnj1gxvNYpump,3.3016693197185786e-06,3.3016693197185786e-06,3.3016693197185786e-06,3.3016693197185786e-06,12H,1750766400,0.0,usd,2025-06-24
8UuXDKVEpYXkDY1GE2rGjgZjbX7iGe6Bnj1gxvNYpump,3.3016693197185786e-06,3.3016693197185786e-06,3.3016693197185786e-06,3.3016693197185786e-06,12H,1750809600,0.0,usd,2025-06-25
8UuXDKVEpYXkDY1GE2rGjgZjbX7iGe6Bnj1gxvNYpump,3.3016693197185786e-06,3.3016693197185786e-06,3.3016693197185786e-06,3.3016693197185786e-06,12H,1750852800,0.0,usd,2025-06-25
8UuXDKVEpYXkDY1GE2rGjgZjbX7iGe6Bnj1gxvNYpump,3.3016693197185786e-06,3.3016693197185786e-06,3.3016693197185786e-06,3.3016693197185786e-06,12H,1750896000,0.0,usd,2025-06-26
8UuXDKVEpYXkDY1GE2rGjgZjbX7iGe6Bnj1gxvNYpump,3.3016693197185786e-06,3.3016693197185786e-06,3.3016693197185786e-06,3.3016693197185786e-06,12H,1750939200,0.0,usd,2025-06-26
8UuXDKVEpYXkDY1GE2rGjgZjbX7iGe6Bnj1gxvNYpump,3.3016693197185786e-06,3.3016693197185786e-06,3.3016693197185786e-06,3.3016693197185786e-06,12H,1750982400,0.0,usd,2025-06-27
8UuXDKVEpYXkDY1GE2rGjgZjbX7iGe6Bnj1gxvNYpump,3.3016693197185786e-06,3.3016693197185786e-06,3.3016693197185786e-06,3.3016693197185786e-06,12H,1751025600,0.0,usd,2025-06-27
8UuXDKVEpYXkDY1GE2rGjgZjbX7iGe6Bnj1gxvNYpump,3.3016693197185786e-06,3.3016693197185786e-06,3.3016693197185786e-06,3.3016693197185786e-06,12H,1751068800,0.0,usd,2025-06-28
8UuXDKVEpYXkDY1GE2rGjgZjbX7iGe6Bnj1gxvNYpump,3.3016693197185786e-06,3.3016693197185786e-06,3.3016693197185786e-06,3.3016693197185786e-06,12H,1751112000,0.0,usd,2025-06-28
8UuXDKVEpYXkDY1GE2rGjgZjbX7iGe6Bnj1gxvNYpump,3.3016693197185786e-06,3.3016693197185786e-06,3.3016693197185786e-06,3.3016693197185786e-06,12H,1751155200,0.0,usd,2025-06-29
8UuXDKVEpYXkDY1GE2rGjgZjbX7iGe6Bnj1gxvNYpump,3.3016693197185786e-06,3.3016693197185786e-06,3.3016693197185786e-06,3.3016693197185786e-06,12H,1751198400,0.0,usd,2025-06-29
8UuXDKVEpYXkDY1GE2rGjgZjbX7iGe6Bnj1gxvNYpump,3.3016693197185786e-06,3.3016693197185786e-06,3.3016693197185786e-06,3.3016693197185786e-06,12H,1751241600,0.0,usd,2025-06-30
8UuXDKVEpYXkDY1GE2rGjgZjbX7iGe6Bnj1gxvNYpump,3.3016693197185786e-06,3.3016693197185786e-06,3.3016693197185786e-06,3.3016693197185786e-06,12H,1751284800,0.0,usd,2025-06-30
8UuXDKVEpYXkDY1GE2rGjgZjbX7iGe6Bnj1gxvNYpump,3.3016693197185786e-06,3.3016693197185786e-06,3.3016693197185786e-06,3.3016693197185786e-06,12H,1751328000,0.0,usd,2025-07-01
8UuXDKVEpYXkDY1GE2rGjgZjbX7iGe6Bnj1gxvNYpump,3.3016693197185786e-06,3.3016693197185786e-06,3.3016693197185786e-06,3.3016693197185786e-06,12H,1751371200,0.0,usd,2025-07-01
8UuXDKVEpYXkDY1GE2rGjgZjbX7iGe6Bnj1gxvNYpump,3.3016693197185786e-06,3.3016693197185786e-06,3.3016693197185786e-06,3.3016693197185786e-06,12H,1751414400,0.0,usd,2025-07-02
8UuXDKVEpYXkDY1GE2rGjgZjbX7iGe6Bnj1gxvNYpump,3.3016693197185786e-06,3.3016693197185786e-06,3.3016693197185786e-06,3.3016693197185786e-06,12H,1751457600,0.0,usd,2025-07-02
8UuXDKVEpYXkDY1GE2rGjgZjbX7iGe6Bnj1gxvNYpump,3.3016693197185786e-06,3.3016693197185786e-06,3.3016693197185786e-06,3.3016693197185786e-06,12H,1751500800,0.0,usd,2025-07-03
8UuXDKVEpYXkDY1GE2rGjgZjbX7iGe6Bnj1gxvNYpump,3.3016693197185786e-06,3.3016693197185786e-06,3.3016693197185786e-06,3.3016693197185786e-06,12H,1751544000,0.0,usd,2025-07-03
8UuXDKVEpYXkDY1GE2rGjgZjbX7iGe6Bnj1gxvNYpump,3.3016693197185786e-06,3.3016693197185786e-06,3.3016693197185786e-06,3.3016693197185786e-06,12H,1751587200,0.0,usd,2025-07-04
8UuXDKVEpYXkDY1GE2rGjgZjbX7iGe6Bnj1gxvNYpump,3.3016693197185786e-06,3.3016693197185786e-06,3.3016693197185786e-06,3.3016693197185786e-06,12H,1751630400,0.0,usd,2025-07-04
8UuXDKVEpYXkDY1GE2rGjgZjbX7iGe6Bnj1gxvNYpump,3.3016693197185786e-06,3.3016693197185786e-06,3.3016693197185786e-06,3.3016693197185786e-06,12H,1751673600,0.0,usd,2025-07-05
8UuXDKVEpYXkDY1GE2rGjgZjbX7iGe6Bnj1gxvNYpump,3.3016693197185786e-06,3.3016693197185786e-06,3.3016693197185786e-06,3.3016693197185786e-06,12H,1751716800,0.0,usd,2025-07-05
8UuXDKVEpYXkDY1GE2rGjgZjbX7iGe6Bnj1gxvNYpump,3.3016693197185786e-06,3.3016693197185786e-06,3.3016693197185786e-06,3.3016693197185786e-06,12H,1751760000,0.0,usd,2025-07-06
8UuXDKVEpYXkDY1GE2rGjgZjbX7iGe6Bnj1gxvNYpump,3.3016693197185786e-06,3.3016693197185786e-06,3.3016693197185786e-06,3.3016693197185786e-06,12H,1751803200,0.0,usd,2025-07-06
8UuXDKVEpYXkDY1GE2rGjgZjbX7iGe6Bnj1gxvNYpump,3.3016693197185786e-06,3.3016693197185786e-06,3.3016693197185786e-06,3.3016693197185786e-06,12H,1751846400,0.0,usd,2025-07-07
8UuXDKVEpYXkDY1GE2rGjgZjbX7iGe6Bnj1gxvNYpump,3.3016693197185786e-06,3.3016693197185786e-06,3.3016693197185786e-06,3.3016693197185786e-06,12H,1751889600,0.0,usd,2025-07-07
8UuXDKVEpYXkDY1GE2rGjgZjbX7iGe6Bnj1gxvNYpump,3.3016693197185786e-06,3.3016693197185786e-06,3.3016693197185786e-06,3.3016693197185786e-06,12H,1751932800,0.0,usd,2025-07-08
8UuXDKVEpYXkDY1GE2rGjgZjbX7iGe6Bnj1gxvNYpump,3.3016693197185786e-06,3.3016693197185786e-06,3.3016693197185786e-06,3.3016693197185786e-06,12H,1751976000,0.0,usd,2025-07-08
8UuXDKVEpYXkDY1GE2rGjgZjbX7iGe6Bnj1gxvNYpump,3.3016693197185786e-06,3.3016693197185786e-06,3.3016693197185786e-06,3.3016693197185786e-06,12H,1752019200,0.0,usd,2025-07-09
8UuXDKVEpYXkDY1GE2rGjgZjbX7iGe6Bnj1gxvNYpump,3.3016693197185786e-06,3.3016693197185786e-06,3.3016693197185786e-06,3.3016693197185786e-06,12H,1752062400,0.0,usd,2025-07-09
8UuXDKVEpYXkDY1GE2rGjgZjbX7iGe6Bnj1gxvNYpump,3.3016693197185786e-06,3.3016693197185786e-06,3.3016693197185786e-06,3.3016693197185786e-06,12H,1752105600,0.0,usd,2025-07-10
8UuXDKVEpYXkDY1GE2rGjgZjbX7iGe6Bnj1gxvNYpump,3.3016693197185786e-06,3.3016693197185786e-06,3.3016693197185786e-06,3.3016693197185786e-06,12H,1752148800,0.0,usd,2025-07-10
8UuXDKVEpYXkDY1GE2rGjgZjbX7iGe6Bnj1gxvNYpump,3.3016693197185786e-06,3.3016693197185786e-06,3.3016693197185786e-06,3.3016693197185786e-06,12H,1752192000,0.0,usd,2025-07-11
8UuXDKVEpYXkDY1GE2rGjgZjbX7iGe6Bnj1gxvNYpump,3.3016693197185786e-06,3.3016693197185786e-06,3.3016693197185786e-06,3.3016693197185786e-06,12H,1752235200,0.0,usd,2025-07-11
8UuXDKVEpYXkDY1GE2rGjgZjbX7iGe6Bnj1gxvNYpump,3.3016693197185786e-06,3.3016693197185786e-06,3.3016693197185786e-06,3.3016693197185786e-06,12H,1752278400,0.0,usd,2025-07-12
8UuXDKVEpYXkDY1GE2rGjgZjbX7iGe6Bnj1gxvNYpump,3.3016693197185786e-06,3.3016693197185786e-06,3.3016693197185786e-06,3.3016693197185786e-06,12H,1752321600,0.0,usd,2025-07-12
8UuXDKVEpYXkDY1GE2rGjgZjbX7iGe6Bnj1gxvNYpump,3.3016693197185786e-06,3.3016693197185786e-06,3.3016693197185786e-06,3.3016693197185786e-06,12H,1752364800,0.0,usd,2025-07-13
8UuXDKVEpYXkDY1GE2rGjgZjbX7iGe6Bnj1gxvNYpump,3.3016693197185786e-06,3.3016693197185786e-06,3.3016693197185786e-06,3.3016693197185786e-06,12H,1752408000,0.0,usd,2025-07-13
8UuXDKVEpYXkDY1GE2rGjgZjbX7iGe6Bnj1gxvNYpump,3.3016693197185786e-06,3.3016693197185786e-06,3.3016693197185786e-06,3.3016693197185786e-06,12H,1752451200,0.0,usd,2025-07-14
8UuXDKVEpYXkDY1GE2rGjgZjbX7iGe6Bnj1gxvNYpump,3.3016693197185786e-06,3.3016693197185786e-06,3.3016693197185786e-06,3.3016693197185786e-06,12H,1752494400,0.0,usd,2025-07-14
8UuXDKVEpYXkDY1GE2rGjgZjbX7iGe6Bnj1gxvNYpump,3.3016693197185786e-06,3.3016693197185786e-06,3.3016693197185786e-06,3.3016693197185786e-06,12H,1752537600,0.0,usd,2025-07-15
8UuXDKVEpYXkDY1GE2rGjgZjbX7iGe6Bnj1gxvNYpump,3.3016693197185786e-06,3.3016693197185786e-06,3.3016693197185786e-06,3.3016693197185786e-06,12H,1752580800,0.0,usd,2025-07-15
8UuXDKVEpYXkDY1GE2rGjgZjbX7iGe6Bnj1gxvNYpump,3.3016693197185786e-06,3.3016693197185786e-06,3.3016693197185786e-06,3.3016693197185786e-06,12H,1752624000,0.0,usd,2025-07-16
8UuXDKVEpYXkDY1GE2rGjgZjbX7iGe6Bnj1gxvNYpump,3.3016693197185786e-06,3.3016693197185786e-06,3.3016693197185786e-06,3.3016693197185786e-06,12H,1752667200,0.0,usd,2025-07-16
8UuXDKVEpYXkDY1GE2rGjgZjbX7iGe6Bnj1gxvNYpump,3.3016693197185786e-06,3.3016693197185786e-06,3.3016693197185786e-06,3.3016693197185786e-06,12H,1752710400,0.0,usd,2025-07-17
8UuXDKVEpYXkDY1GE2rGjgZjbX7iGe6Bnj1gxvNYpump,3.3016693197185786e-06,3.3016693197185786e-06,3.3016693197185786e-06,3.3016693197185786e-06,12H,1752753600,0.0,usd,2025-07-17
8UuXDKVEpYXkDY1GE2rGjgZjbX7iGe6Bnj1gxvNYpump,3.3016693197185786e-06,3.3016693197185786e-06,3.3016693197185786e-06,3.3016693197185786e-06,12H,1752796800,0.0,usd,2025-07-18
8UuXDKVEpYXkDY1GE2rGjgZjbX7iGe6Bnj1gxvNYpump,3.3016693197185786e-06,3.3016693197185786e-06,3.3016693197185786e-06,3.3016693197185786e-06,12H,1752840000,0.0,usd,2025-07-18
8UuXDKVEpYXkDY1GE2rGjgZjbX7iGe6Bnj1gxvNYpump,3.3016693197185786e-06,3.3016693197185786e-06,3.3016693197185786e-06,3.3016693197185786e-06,12H,1752883200,0.0,usd,2025-07-19
8UuXDKVEpYXkDY1GE2rGjgZjbX7iGe6Bnj1gxvNYpump,3.3016693197185786e-06,3.3016693197185786e-06,3.3016693197185786e-06,3.3016693197185786e-06,12H,1752926400,0.0,usd,2025-07-19
8UuXDKVEpYXkDY1GE2rGjgZjbX7iGe6Bnj1gxvNYpump,3.3016693197185786e-06,3.3016693197185786e-06,3.3016693197185786e-06,3.3016693197185786e-06,12H,1752969600,0.0,usd,2025-07-20
8UuXDKVEpYXkDY1GE2rGjgZjbX7iGe6Bnj1gxvNYpump,3.3016693197185786e-06,3.3016693197185786e-06,3.3016693197185786e-06,3.3016693197185786e-06,12H,1753012800,0.0,usd,2025-07-20
8UuXDKVEpYXkDY1GE2rGjgZjbX7iGe6Bnj1gxvNYpump,3.3016693197185786e-06,3.3016693197185786e-06,3.3016693197185786e-06,3.3016693197185786e-06,12H,1753056000,0.0,usd,2025-07-21
8UuXDKVEpYXkDY1GE2rGjgZjbX7iGe6Bnj1gxvNYpump,3.3016693197185786e-06,3.3016693197185786e-06,3.3016693197185786e-06,3.3016693197185786e-06,12H,1753099200,0.0,usd,2025-07-21
8UuXDKVEpYXkDY1GE2rGjgZjbX7iGe6Bnj1gxvNYpump,3.3016693197185786e-06,3.3016693197185786e-06,3.3016693197185786e-06,3.3016693197185786e-06,12H,1753142400,0.0,usd,2025-07-22
8UuXDKVEpYXkDY1GE2rGjgZjbX7iGe6Bnj1gxvNYpump,3.3016693197185786e-06,3.3016693197185786e-06,3.3016693197185786e-06,3.3016693197185786e-06,12H,1753185600,0.0,usd,2025-07-22
8UuXDKVEpYXkDY1GE2rGjgZjbX7iGe6Bnj1gxvNYpump,3.3016693197185786e-06,3.3016693197185786e-06,3.3016693197185786e-06,3.3016693197185786e-06,12H,1753228800,0.0,usd,2025-07-23
8UuXDKVEpYXkDY1GE2rGjgZjbX7iGe6Bnj1gxvNYpump,3.3016693197185786e-06,3.3016693197185786e-06,3.3016693197185786e-06,3.3016693197185786e-06,12H,1753272000,0.0,usd,2025-07-23
8UuXDKVEpYXkDY1GE2rGjgZjbX7iGe6Bnj1gxvNYpump,3.3016693197185786e-06,3.3016693197185786e-06,3.3016693197185786e-06,3.3016693197185786e-06,12H,1753315200,0.0,usd,2025-07-24
8UuXDKVEpYXkDY1GE2rGjgZjbX7iGe6Bnj1gxvNYpump,3.3016693197185786e-06,3.3016693197185786e-06,3.3016693197185786e-06,3.3016693197185786e-06,12H,1753358400,0.0,usd,2025-07-24
8UuXDKVEpYXkDY1GE2rGjgZjbX7iGe6Bnj1gxvNYpump,3.3016693197185786e-06,3.3016693197185786e-06,3.3016693197185786e-06,3.3016693197185786e-06,12H,1753401600,0.0,usd,2025-07-25
8UuXDKVEpYXkDY1GE2rGjgZjbX7iGe6Bnj1gxvNYpump,3.3016693197185786e-06,3.3016693197185786e-06,3.3016693197185786e-06,3.3016693197185786e-06,12H,1753444800,0.0,usd,2025-07-25
8UuXDKVEpYXkDY1GE2rGjgZjbX7iGe6Bnj1gxvNYpump,3.3016693197185786e-06,3.3016693197185786e-06,3.3016693197185786e-06,3.3016693197185786e-06,12H,1753488000,0.0,usd,2025-07-26
8UuXDKVEpYXkDY1GE2rGjgZjbX7iGe6Bnj1gxvNYpump,3.3016693197185786e-06,3.3016693197185786e-06,3.3016693197185786e-06,3.3016693197185786e-06,12H,1753531200,0.0,usd,2025-07-26
8UuXDKVEpYXkDY1GE2rGjgZjbX7iGe6Bnj1gxvNYpump,3.3016693197185786e-06,3.3016693197185786e-06,3.3016693197185786e-06,3.3016693197185786e-06,12H,1753574400,0.0,usd,2025-07-27
8UuXDKVEpYXkDY1GE2rGjgZjbX7iGe6Bnj1gxvNYpump,3.3016693197185786e-06,3.3016693197185786e-06,3.3016693197185786e-06,3.3016693197185786e-06,12H,1753617600,0.0,usd,2025-07-27
8UuXDKVEpYXkDY1GE2rGjgZjbX7iGe6Bnj1gxvNYpump,3.3016693197185786e-06,3.3016693197185786e-06,3.3016693197185786e-06,3.3016693197185786e-06,12H,1753660800,0.0,usd,2025-07-28
8UuXDKVEpYXkDY1GE2rGjgZjbX7iGe6Bnj1gxvNYpump,3.3016693197185786e-06,3.3016693197185786e-06,3.3016693197185786e-06,3.3016693197185786e-06,12H,1753704000,0.0,usd,2025-07-28
8UuXDKVEpYXkDY1GE2rGjgZjbX7iGe6Bnj1gxvNYpump,3.3016693197185786e-06,3.3016693197185786e-06,3.3016693197185786e-06,3.3016693197185786e-06,12H,1753747200,0.0,usd,2025-07-29
8UuXDKVEpYXkDY1GE2rGjgZjbX7iGe6Bnj1gxvNYpump,3.3016693197185786e-06,3.3016693197185786e-06,3.3016693197185786e-06,3.3016693197185786e-06,12H,1753790400,0.0,usd,2025-07-29
8UuXDKVEpYXkDY1GE2rGjgZjbX7iGe6Bnj1gxvNYpump,3.3016693197185786e-06,3.3016693197185786e-06,3.3016693197185786e-06,3.3016693197185786e-06,12H,1753833600,0.0,usd,2025-07-30
8UuXDKVEpYXkDY1GE2rGjgZjbX7iGe6Bnj1gxvNYpump,3.3016693197185786e-06,3.3016693197185786e-06,3.3016693197185786e-06,3.3016693197185786e-06,12H,1753876800,0.0,usd,2025-07-30
8UuXDKVEpYXkDY1GE2rGjgZjbX7iGe6Bnj1gxvNYpump,3.3016693197185786e-06,3.3016693197185786e-06,3.3016693197185786e-06,3.3016693197185786e-06,12H,1753920000,0.0,usd,2025-07-31
8UuXDKVEpYXkDY1GE2rGjgZjbX7iGe6Bnj1gxvNYpump,3.3016693197185786e-06,3.3016693197185786e-06,3.3016693197185786e-06,3.3016693197185786e-06,12H,1753963200,0.0,usd,2025-07-31
8UuXDKVEpYXkDY1GE2rGjgZjbX7iGe6Bnj1gxvNYpump,3.3016693197185786e-06,3.3016693197185786e-06,3.3016693197185786e-06,3.3016693197185786e-06,12H,1754006400,0.0,usd,2025-08-01
8UuXDKVEpYXkDY1GE2rGjgZjbX7iGe6Bnj1gxvNYpump,3.3016693197185786e-06,3.3016693197185786e-06,3.3016693197185786e-06,3.3016693197185786e-06,12H,1754049600,0.0,usd,2025-08-01
8UuXDKVEpYXkDY1GE2rGjgZjbX7iGe6Bnj1gxvNYpump,3.3016693197185786e-06,3.3016693197185786e-06,3.3016693197185786e-06,3.3016693197185786e-06,12H,1754092800,0.0,usd,2025-08-02
8UuXDKVEpYXkDY1GE2rGjgZjbX7iGe6Bnj1gxvNYpump,3.3016693197185786e-06,3.3016693197185786e-06,3.3016693197185786e-06,3.3016693197185786e-06,12H,1754136000,0.0,usd,2025-08-02
8UuXDKVEpYXkDY1GE2rGjgZjbX7iGe6Bnj1gxvNYpump,3.3016693197185786e-06,3.3016693197185786e-06,3.3016693197185786e-06,3.3016693197185786e-06,12H,1754179200,0.0,usd,2025-08-03
8UuXDKVEpYXkDY1GE2rGjgZjbX7iGe6Bnj1gxvNYpump,3.3016693197185786e-06,3.3016693197185786e-06,3.3016693197185786e-06,3.3016693197185786e-06,12H,1754222400,0.0,usd,2025-08-03
8UuXDKVEpYXkDY1GE2rGjgZjbX7iGe6Bnj1gxvNYpump,3.3016693197185786e-06,3.3016693197185786e-06,3.3016693197185786e-06,3.3016693197185786e-06,12H,1754265600,0.0,usd,2025-08-04
8UuXDKVEpYXkDY1GE2rGjgZjbX7iGe6Bnj1gxvNYpump,3.3016693197185786e-06,3.3016693197185786e-06,3.3016693197185786e-06,3.3016693197185786e-06,12H,1754308800,0.0,usd,2025-08-04
8UuXDKVEpYXkDY1GE2rGjgZjbX7iGe6Bnj1gxvNYpump,3.3016693197185786e-06,3.3016693197185786e-06,3.3016693197185786e-06,3.3016693197185786e-06,12H,1754352000,0.0,usd,2025-08-05
8UuXDKVEpYXkDY1GE2rGjgZjbX7iGe6Bnj1gxvNYpump,3.3016693197185786e-06,3.3016693197185786e-06,3.3016693197185786e-06,3.3016693197185786e-06,12H,1754395200,0.0,usd,2025-08-05
8UuXDKVEpYXkDY1GE2rGjgZjbX7iGe6Bnj1gxvNYpump,3.3016693197185786e-06,3.3016693197185786e-06,3.3016693197185786e-06,3.3016693197185786e-06,12H,1754438400,0.0,usd,2025-08-06
8UuXDKVEpYXkDY1GE2rGjgZjbX7iGe6Bnj1gxvNYpump,3.3016693197185786e-06,3.3016693197185786e-06,3.3016693197185786e-06,3.3016693197185786e-06,12H,1754481600,0.0,usd,2025-08-06
8UuXDKVEpYXkDY1GE2rGjgZjbX7iGe6Bnj1gxvNYpump,3.3016693197185786e-06,3.3016693197185786e-06,3.3016693197185786e-06,3.3016693197185786e-06,12H,1754524800,0.0,usd,2025-08-07
8UuXDKVEpYXkDY1GE2rGjgZjbX7iGe6Bnj1gxvNYpump,3.3016693197185786e-06,3.3016693197185786e-06,3.3016693197185786e-06,3.3016693197185786e-06,12H,1754568000,0.0,usd,2025-08-07
8UuXDKVEpYXkDY1GE2rGjgZjbX7iGe6Bnj1gxvNYpump,3.3016693197185786e-06,3.3016693197185786e-06,3.3016693197185786e-06,3.3016693197185786e-06,12H,1754611200,0.0,usd,2025-08-08
8UuXDKVEpYXkDY1GE2rGjgZjbX7iGe6Bnj1gxvNYpump,3.3016693197185786e-06,3.3016693197185786e-06,3.3016693197185786e-06,3.3016693197185786e-06,12H,1754654400,0.0,usd,2025-08-08
8UuXDKVEpYXkDY1GE2rGjgZjbX7iGe6Bnj1gxvNYpump,3.3016693197185786e-06,3.3016693197185786e-06,3.3016693197185786e-06,3.3016693197185786e-06,12H,1754697600,0.0,usd,2025-08-09
8UuXDKVEpYXkDY1GE2rGjgZjbX7iGe6Bnj1gxvNYpump,3.3016693197185786e-06,3.3016693197185786e-06,3.3016693197185786e-06,3.3016693197185786e-06,12H,1754740800,0.0,usd,2025-08-09
8UuXDKVEpYXkDY1GE2rGjgZjbX7iGe6Bnj1gxvNYpump,3.3016693197185786e-06,3.3016693197185786e-06,3.3016693197185786e-06,3.3016693197185786e-06,12H,1754784000,0.0,usd,2025-08-10
8UuXDKVEpYXkDY1GE2rGjgZjbX7iGe6Bnj1gxvNYpump,3.3016693197185786e-06,3.3016693197185786e-06,3.3016693197185786e-06,3.3016693197185786e-06,12H,1754827200,0.0,usd,2025-08-10
8UuXDKVEpYXkDY1GE2rGjgZjbX7iGe6Bnj1gxvNYpump,3.3016693197185786e-06,3.3016693197185786e-06,3.3016693197185786e-06,3.3016693197185786e-06,12H,1754870400,0.0,usd,2025-08-11
8UuXDKVEpYXkDY1GE2rGjgZjbX7iGe6Bnj1gxvNYpump,3.3016693197185786e-06,3.3016693197185786e-06,3.3016693197185786e-06,3.3016693197185786e-06,12H,1754913600,0.0,usd,2025-08-11
8UuXDKVEpYXkDY1GE2rGjgZjbX7iGe6Bnj1gxvNYpump,3.3016693197185786e-06,3.3016693197185786e-06,3.3016693197185786e-06,3.3016693197185786e-06,12H,1754956800,0.0,usd,2025-08-12
8UuXDKVEpYXkDY1GE2rGjgZjbX7iGe6Bnj1gxvNYpump,3.3016693197185786e-06,3.3016693197185786e-06,3.3016693197185786e-06,3.3016693197185786e-06,12H,1755000000,0.0,usd,2025-08-12
8UuXDKVEpYXkDY1GE2rGjgZjbX7iGe6Bnj1gxvNYpump,3.3016693197185786e-06,3.3016693197185786e-06,3.3016693197185786e-06,3.3016693197185786e-06,12H,1755043200,0.0,usd,2025-08-13
8UuXDKVEpYXkDY1GE2rGjgZjbX7iGe6Bnj1gxvNYpump,3.3016693197185786e-06,3.3016693197185786e-06,3.3016693197185786e-06,3.3016693197185786e-06,12H,1755086400,0.0,usd,2025-08-13
8UuXDKVEpYXkDY1GE2rGjgZjbX7iGe6Bnj1gxvNYpump,3.3016693197185786e-06,3.3016693197185786e-06,3.3016693197185786e-06,3.3016693197185786e-06,12H,1755129600,0.0,usd,2025-08-14
8UuXDKVEpYXkDY1GE2rGjgZjbX7iGe6Bnj1gxvNYpump,3.3016693197185786e-06,3.3016693197185786e-06,3.3016693197185786e-06,3.3016693197185786e-06,12H,1755172800,0.0,usd,2025-08-14
8UuXDKVEpYXkDY1GE2rGjgZjbX7iGe6Bnj1gxvNYpump,3.3016693197185786e-06,3.3016693197185786e-06,3.3016693197185786e-06,3.3016693197185786e-06,12H,1755216000,0.0,usd,2025-08-15
8UuXDKVEpYXkDY1GE2rGjgZjbX7iGe6Bnj1gxvNYpump,3.3016693197185786e-06,3.3016693197185786e-06,3.3016693197185786e-06,3.3016693197185786e-06,12H,1755259200,0.0,usd,2025-08-15
8UuXDKVEpYXkDY1GE2rGjgZjbX7iGe6Bnj1gxvNYpump,3.3016693197185786e-06,3.3016693197185786e-06,3.3016693197185786e-06,3.3016693197185786e-06,12H,1755302400,0.0,usd,2025-08-16
8UuXDKVEpYXkDY1GE2rGjgZjbX7iGe6Bnj1gxvNYpump,3.3016693197185786e-06,3.3016693197185786e-06,3.3016693197185786e-06,3.3016693197185786e-06,12H,1755345600,0.0,usd,2025-08-16
8UuXDKVEpYXkDY1GE2rGjgZjbX7iGe6Bnj1gxvNYpump,3.3016693197185786e-06,3.3016693197185786e-06,3.3016693197185786e-06,3.3016693197185786e-06,12H,1755388800,0.0,usd,2025-08-17
8UuXDKVEpYXkDY1GE2rGjgZjbX7iGe6Bnj1gxvNYpump,3.3016693197185786e-06,3.3016693197185786e-06,3.3016693197185786e-06,3.3016693197185786e-06,12H,1755432000,0.0,usd,2025-08-17
8UuXDKVEpYXkDY1GE2rGjgZjbX7iGe6Bnj1gxvNYpump,3.3016693197185786e-06,3.3016693197185786e-06,3.3016693197185786e-06,3.3016693197185786e-06,12H,1755475200,0.0,usd,2025-08-18
8UuXDKVEpYXkDY1GE2rGjgZjbX7iGe6Bnj1gxvNYpump,3.3016693197185786e-06,3.3016693197185786e-06,3.3016693197185786e-06,3.3016693197185786e-06,12H,1755518400,0.0,usd,2025-08-18
8UuXDKVEpYXkDY1GE2rGjgZjbX7iGe6Bnj1gxvNYpump,3.3016693197185786e-06,3.3016693197185786e-06,3.3016693197185786e-06,3.3016693197185786e-06,12H,1755561600,0.0,usd,2025-08-19
8UuXDKVEpYXkDY1GE2rGjgZjbX7iGe6Bnj1gxvNYpump,3.3016693197185786e-06,3.3016693197185786e-06,3.3016693197185786e-06,3.3016693197185786e-06,12H,1755604800,0.0,usd,2025-08-19
8UuXDKVEpYXkDY1GE2rGjgZjbX7iGe6Bnj1gxvNYpump,3.3016693197185786e-06,3.3016693197185786e-06,3.3016693197185786e-06,3.3016693197185786e-06,12H,1755648000,0.0,usd,2025-08-20
8UuXDKVEpYXkDY1GE2rGjgZjbX7iGe6Bnj1gxvNYpump,3.3016693197185786e-06,3.3016693197185786e-06,3.3016693197185786e-06,3.3016693197185786e-06,12H,1755691200,0.0,usd,2025-08-20
8UuXDKVEpYXkDY1GE2rGjgZjbX7iGe6Bnj1gxvNYpump,3.3016693197185786e-06,3.3016693197185786e-06,3.3016693197185786e-06,3.3016693197185786e-06,12H,1755734400,0.0,usd,2025-08-21
8UuXDKVEpYXkDY1GE2rGjgZjbX7iGe6Bnj1gxvNYpump,3.3016693197185786e-06,3.3016693197185786e-06,3.3016693197185786e-06,3.3016693197185786e-06,12H,1755777600,0.0,usd,2025-08-21
8UuXDKVEpYXkDY1GE2rGjgZjbX7iGe6Bnj1gxvNYpump,3.3016693197185786e-06,3.3016693197185786e-06,3.3016693197185786e-06,3.3016693197185786e-06,12H,1755820800,0.0,usd,2025-08-22
8UuXDKVEpYXkDY1GE2rGjgZjbX7iGe6Bnj1gxvNYpump,3.3016693197185786e-06,3.3016693197185786e-06,3.3016693197185786e-06,3.3016693197185786e-06,12H,1755864000,0.0,usd,2025-08-22
8UuXDKVEpYXkDY1GE2rGjgZjbX7iGe6Bnj1gxvNYpump,3.3016693197185786e-06,3.3016693197185786e-06,3.3016693197185786e-06,3.3016693197185786e-06,12H,1755907200,0.0,usd,2025-08-23
8UuXDKVEpYXkDY1GE2rGjgZjbX7iGe6Bnj1gxvNYpump,3.3016693197185786e-06,3.3016693197185786e-06,3.3016693197185786e-06,3.3016693197185786e-06,12H,1755950400,0.0,usd,2025-08-23
8UuXDKVEpYXkDY1GE2rGjgZjbX7iGe6Bnj1gxvNYpump,3.3016693197185786e-06,3.3016693197185786e-06,3.3016693197185786e-06,3.3016693197185786e-06,12H,1755993600,0.0,usd,2025-08-24
8UuXDKVEpYXkDY1GE2rGjgZjbX7iGe6Bnj1gxvNYpump,3.3016693197185786e-06,3.3016693197185786e-06,3.3016693197185786e-06,3.3016693197185786e-06,12H,1756036800,0.0,usd,2025-08-24
8UuXDKVEpYXkDY1GE2rGjgZjbX7iGe6Bnj1gxvNYpump,3.3016693197185786e-06,3.3016693197185786e-06,3.3016693197185786e-06,3.3016693197185786e-06,12H,1756080000,0.0,usd,2025-08-25
8UuXDKVEpYXkDY1GE2rGjgZjbX7iGe6Bnj1gxvNYpump,3.3016693197185786e-06,3.3016693197185786e-06,3.3016693197185786e-06,3.3016693197185786e-06,12H,1756123200,0.0,usd,2025-08-25
8UuXDKVEpYXkDY1GE2rGjgZjbX7iGe6Bnj1gxvNYpump,3.3016693197185786e-06,3.3016693197185786e-06,3.3016693197185786e-06,3.3016693197185786e-06,12H,1756166400,0.0,usd,2025-08-26
8UuXDKVEpYXkDY1GE2rGjgZjbX7iGe6Bnj1gxvNYpump,3.3016693197185786e-06,3.3016693197185786e-06,3.3016693197185786e-06,3.3016693197185786e-06,12H,1756209600,0.0,usd,2025-08-26
8UuXDKVEpYXkDY1GE2rGjgZjbX7iGe6Bnj1gxvNYpump,3.3016693197185786e-06,3.3016693197185786e-06,3.3016693197185786e-06,3.3016693197185786e-06,12H,1756252800,0.0,usd,2025-08-27
8UuXDKVEpYXkDY1GE2rGjgZjbX7iGe6Bnj1gxvNYpump,3.3016693197185786e-06,3.3016693197185786e-06,3.3016693197185786e-06,3.3016693197185786e-06,12H,1756296000,0.0,usd,2025-08-27
8UuXDKVEpYXkDY1GE2rGjgZjbX7iGe6Bnj1gxvNYpump,3.3016693197185786e-06,3.3016693197185786e-06,3.3016693197185786e-06,3.3016693197185786e-06,12H,1756339200,0.0,usd,2025-08-28
8UuXDKVEpYXkDY1GE2rGjgZjbX7iGe6Bnj1gxvNYpump,3.3016693197185786e-06,3.3016693197185786e-06,3.3016693197185786e-06,3.3016693197185786e-06,12H,1756382400,0.0,usd,2025-08-28
8UuXDKVEpYXkDY1GE2rGjgZjbX7iGe6Bnj1gxvNYpump,3.3016693197185786e-06,3.3016693197185786e-06,3.3016693197185786e-06,3.3016693197185786e-06,12H,1756425600,0.0,usd,2025-08-29
8UuXDKVEpYXkDY1GE2rGjgZjbX7iGe6Bnj1gxvNYpump,3.3016693197185786e-06,3.3016693197185786e-06,3.3016693197185786e-06,3.3016693197185786e-06,12H,1756468800,0.0,usd,2025-08-29
8UuXDKVEpYXkDY1GE2rGjgZjbX7iGe6Bnj1gxvNYpump,3.3016693197185786e-06,3.3016693197185786e-06,3.3016693197185786e-06,3.3016693197185786e-06,12H,1756512000,0.0,usd,2025-08-30
8UuXDKVEpYXkDY1GE2rGjgZjbX7iGe6Bnj1gxvNYpump,3.3016693197185786e-06,3.3016693197185786e-06,3.3016693197185786e-06,3.3016693197185786e-06,12H,1756555200,0.0,usd,2025-08-30
8UuXDKVEpYXkDY1GE2rGjgZjbX7iGe6Bnj1gxvNYpump,3.3016693197185786e-06,3.3016693197185786e-06,3.3016693197185786e-06,3.3016693197185786e-06,12H,1756598400,0.0,usd,2025-08-31
8UuXDKVEpYXkDY1GE2rGjgZjbX7iGe6Bnj1gxvNYpump,3.3016693197185786e-06,3.3016693197185786e-06,3.3016693197185786e-06,3.3016693197185786e-06,12H,1756641600,0.0,usd,2025-08-31
8UuXDKVEpYXkDY1GE2rGjgZjbX7iGe6Bnj1gxvNYpump,3.3016693197185786e-06,3.3016693197185786e-06,3.3016693197185786e-06,3.3016693197185786e-06,12H,1756684800,0.0,usd,2025-09-01
8UuXDKVEpYXkDY1GE2rGjgZjbX7iGe6Bnj1gxvNYpump,3.3016693197185786e-06,3.3016693197185786e-06,3.3016693197185786e-06,3.3016693197185786e-06,12H,1756728000,0.0,usd,2025-09-01
8UuXDKVEpYXkDY1GE2rGjgZjbX7iGe6Bnj1gxvNYpump,3.3016693197185786e-06,3.3016693197185786e-06,3.3016693197185786e-06,3.3016693197185786e-06,12H,1756771200,0.0,usd,2025-09-02
8UuXDKVEpYXkDY1GE2rGjgZjbX7iGe6Bnj1gxvNYpump,3.3016693197185786e-06,3.3016693197185786e-06,3.3016693197185786e-06,3.3016693197185786e-06,12H,1756814400,0.0,usd,2025-09-02
8UuXDKVEpYXkDY1GE2rGjgZjbX7iGe6Bnj1gxvNYpump,3.3016693197185786e-06,3.3016693197185786e-06,3.3016693197185786e-06,3.3016693197185786e-06,12H,1756857600,0.0,usd,2025-09-03
8UuXDKVEpYXkDY1GE2rGjgZjbX7iGe6Bnj1gxvNYpump,3.3016693197185786e-06,3.3016693197185786e-06,3.3016693197185786e-06,3.3016693197185786e-06,12H,1756900800,0.0,usd,2025-09-03
8UuXDKVEpYXkDY1GE2rGjgZjbX7iGe6Bnj1gxvNYpump,3.3016693197185786e-06,3.3016693197185786e-06,3.3016693197185786e-06,3.3016693197185786e-06,12H,1756944000,0.0,usd,2025-09-04
8UuXDKVEpYXkDY1GE2rGjgZjbX7iGe6Bnj1gxvNYpump,3.3016693197185786e-06,3.3016693197185786e-06,3.3016693197185786e-06,3.3016693197185786e-06,12H,1756987200,0.0,usd,2025-09-04
8UuXDKVEpYXkDY1GE2rGjgZjbX7iGe6Bnj1gxvNYpump,3.3016693197185786e-06,3.3016693197185786e-06,3.3016693197185786e-06,3.3016693197185786e-06,12H,1757030400,0.0,usd,2025-09-05
8UuXDKVEpYXkDY1GE2rGjgZjbX7iGe6Bnj1gxvNYpump,3.3016693197185786e-06,3.3016693197185786e-06,3.3016693197185786e-06,3.3016693197185786e-06,12H,1757073600,0.0,usd,2025-09-05
8UuXDKVEpYXkDY1GE2rGjgZjbX7iGe6Bnj1gxvNYpump,3.3016693197185786e-06,3.3016693197185786e-06,3.3016693197185786e-06,3.3016693197185786e-06,12H,1757116800,0.0,usd,2025-09-06
8UuXDKVEpYXkDY1GE2rGjgZjbX7iGe6Bnj1gxvNYpump,3.3016693197185786e-06,3.3016693197185786e-06,3.3016693197185786e-06,3.3016693197185786e-06,12H,1757160000,0.0,usd,2025-09-06
8UuXDKVEpYXkDY1GE2rGjgZjbX7iGe6Bnj1gxvNYpump,3.3016693197185786e-06,3.3016693197185786e-06,3.3016693197185786e-06,3.3016693197185786e-06,12H,1757203200,0.0,usd,2025-09-07
8UuXDKVEpYXkDY1GE2rGjgZjbX7iGe6Bnj1gxvNYpump,3.3016693197185786e-06,3.3016693197185786e-06,3.3016693197185786e-06,3.3016693197185786e-06,12H,1757246400,0.0,usd,2025-09-07
8UuXDKVEpYXkDY1GE2rGjgZjbX7iGe6Bnj1gxvNYpump,3.3016693197185786e-06,3.3016693197185786e-06,3.3016693197185786e-06,3.3016693197185786e-06,12H,1757289600,0.0,usd,2025-09-08
8UuXDKVEpYXkDY1GE2rGjgZjbX7iGe6Bnj1gxvNYpump,3.3016693197185786e-06,3.3016693197185786e-06,3.3016693197185786e-06,3.3016693197185786e-06,12H,1757332800,0.0,usd,2025-09-08
8UuXDKVEpYXkDY1GE2rGjgZjbX7iGe6Bnj1gxvNYpump,3.3016693197185786e-06,3.3016693197185786e-06,3.3016693197185786e-06,3.3016693197185786e-06,12H,1757376000,0.0,usd,2025-09-09
8UuXDKVEpYXkDY1GE2rGjgZjbX7iGe6Bnj1gxvNYpump,3.3016693197185786e-06,3.3016693197185786e-06,3.3016693197185786e-06,3.3016693197185786e-06,12H,1757419200,0.0,usd,2025-09-09
8UuXDKVEpYXkDY1GE2rGjgZjbX7iGe6Bnj1gxvNYpump,3.3016693197185786e-06,3.3016693197185786e-06,3.3016693197185786e-06,3.3016693197185786e-06,12H,1757462400,0.0,usd,2025-09-10
8UuXDKVEpYXkDY1GE2rGjgZjbX7iGe6Bnj1gxvNYpump,3.3016693197185786e-06,3.3016693197185786e-06,3.3016693197185786e-06,3.3016693197185786e-06,12H,1757505600,0.0,usd,2025-09-10
8UuXDKVEpYXkDY1GE2rGjgZjbX7iGe6Bnj1gxvNYpump,3.3016693197185786e-06,3.3016693197185786e-06,3.3016693197185786e-06,3.3016693197185786e-06,12H,1757548800,0.0,usd,2025-09-11
8UuXDKVEpYXkDY1GE2rGjgZjbX7iGe6Bnj1gxvNYpump,3.3016693197185786e-06,3.3016693197185786e-06,3.3016693197185786e-06,3.3016693197185786e-06,12H,1757592000,0.0,usd,2025-09-11
8UuXDKVEpYXkDY1GE2rGjgZjbX7iGe6Bnj1gxvNYpump,3.3016693197185786e-06,3.3016693197185786e-06,3.3016693197185786e-06,3.3016693197185786e-06,12H,1757635200,0.0,usd,2025-09-12
8UuXDKVEpYXkDY1GE2rGjgZjbX7iGe6Bnj1gxvNYpump,3.3016693197185786e-06,3.3016693197185786e-06,3.3016693197185786e-06,3.3016693197185786e-06,12H,1757678400,0.0,usd,2025-09-12
8UuXDKVEpYXkDY1GE2rGjgZjbX7iGe6Bnj1gxvNYpump,3.3016693197185786e-06,3.3016693197185786e-06,3.3016693197185786e-06,3.3016693197185786e-06,12H,1757721600,0.0,usd,2025-09-13
8UuXDKVEpYXkDY1GE2rGjgZjbX7iGe6Bnj1gxvNYpump,3.3016693197185786e-06,3.3016693197185786e-06,3.3016693197185786e-06,3.3016693197185786e-06,12H,1757764800,0.0,usd,2025-09-13
8UuXDKVEpYXkDY1GE2rGjgZjbX7iGe6Bnj1gxvNYpump,3.3016693197185786e-06,3.3016693197185786e-06,3.3016693197185786e-06,3.3016693197185786e-06,12H,1757808000,0.0,usd,2025-09-14
8UuXDKVEpYXkDY1GE2rGjgZjbX7iGe6Bnj1gxvNYpump,3.3016693197185786e-06,3.3016693197185786e-06,3.3016693197185786e-06,3.3016693197185786e-06,12H,1757851200,0.0,usd,2025-09-14
8UuXDKVEpYXkDY1GE2rGjgZjbX7iGe6Bnj1gxvNYpump,3.3016693197185786e-06,3.3016693197185786e-06,3.3016693197185786e-06,3.3016693197185786e-06,12H,1757894400,0.0,usd,2025-09-15
8UuXDKVEpYXkDY1GE2rGjgZjbX7iGe6Bnj1gxvNYpump,3.3016693197185786e-06,3.3016693197185786e-06,3.3016693197185786e-06,3.3016693197185786e-06,12H,1757937600,0.0,usd,2025-09-15
8UuXDKVEpYXkDY1GE2rGjgZjbX7iGe6Bnj1gxvNYpump,3.3016693197185786e-06,3.3016693197185786e-06,3.3016693197185786e-06,3.3016693197185786e-06,12H,1757980800,0.0,usd,2025-09-16
8UuXDKVEpYXkDY1GE2rGjgZjbX7iGe6Bnj1gxvNYpump,3.3016693197185786e-06,3.3016693197185786e-06,3.3016693197185786e-06,3.3016693197185786e-06,12H,1758024000,0.0,usd,2025-09-16
8UuXDKVEpYXkDY1GE2rGjgZjbX7iGe6Bnj1gxvNYpump,3.3016693197185786e-06,3.3016693197185786e-06,3.3016693197185786e-06,3.3016693197185786e-06,12H,1758067200,0.0,usd,2025-09-17
8UuXDKVEpYXkDY1GE2rGjgZjbX7iGe6Bnj1gxvNYpump,3.3016693197185786e-06,3.3016693197185786e-06,3.3016693197185786e-06,3.3016693197185786e-06,12H,1758110400,0.0,usd,2025-09-17
8UuXDKVEpYXkDY1GE2rGjgZjbX7iGe6Bnj1gxvNYpump,3.3016693197185786e-06,3.3016693197185786e-06,3.3016693197185786e-06,3.3016693197185786e-06,12H,1758153600,0.0,usd,2025-09-18
8UuXDKVEpYXkDY1GE2rGjgZjbX7iGe6Bnj1gxvNYpump,3.3016693197185786e-06,3.3016693197185786e-06,3.3016693197185786e-06,3.3016693197185786e-06,12H,1758196800,0.0,usd,2025-09-18
8UuXDKVEpYXkDY1GE2rGjgZjbX7iGe6Bnj1gxvNYpump,3.3016693197185786e-06,3.3016693197185786e-06,3.3016693197185786e-06,3.3016693197185786e-06,12H,1758240000,0.0,usd,2025-09-19
8UuXDKVEpYXkDY1GE2rGjgZjbX7iGe6Bnj1gxvNYpump,3.3016693197185786e-06,3.3016693197185786e-06,3.3016693197185786e-06,3.3016693197185786e-06,12H,1758283200,0.0,usd,2025-09-19
8UuXDKVEpYXkDY1GE2rGjgZjbX7iGe6Bnj1gxvNYpump,3.3016693197185786e-06,3.3016693197185786e-06,3.3016693197185786e-06,3.3016693197185786e-06,12H,1758326400,0.0,usd,2025-09-20
8UuXDKVEpYXkDY1GE2rGjgZjbX7iGe6Bnj1gxvNYpump,3.3016693197185786e-06,3.3016693197185786e-06,3.3016693197185786e-06,3.3016693197185786e-06,12H,1758369600,0.0,usd,2025-09-20
8UuXDKVEpYXkDY1GE2rGjgZjbX7iGe6Bnj1gxvNYpump,3.3016693197185786e-06,3.3016693197185786e-06,3.3016693197185786e-06,3.3016693197185786e-06,12H,1758412800,0.0,usd,2025-09-21
8UuXDKVEpYXkDY1GE2rGjgZjbX7iGe6Bnj1gxvNYpump,3.3016693197185786e-06,3.3016693197185786e-06,3.3016693197185786e-06,3.3016693197185786e-06,12H,1758456000,0.0,usd,2025-09-21
8UuXDKVEpYXkDY1GE2rGjgZjbX7iGe6Bnj1gxvNYpump,3.3016693197185786e-06,3.3016693197185786e-06,3.3016693197185786e-06,3.3016693197185786e-06,12H,1758499200,0.0,usd,2025-09-22
8UuXDKVEpYXkDY1GE2rGjgZjbX7iGe6Bnj1gxvNYpump,3.3016693197185786e-06,3.3016693197185786e-06,3.3016693197185786e-06,3.3016693197185786e-06,12H,1758542400,0.0,usd,2025-09-22
8UuXDKVEpYXkDY1GE2rGjgZjbX7iGe6Bnj1gxvNYpump,3.3016693197185786e-06,3.3016693197185786e-06,3.3016693197185786e-06,3.3016693197185786e-06,12H,1758585600,0.0,usd,2025-09-23
8UuXDKVEpYXkDY1GE2rGjgZjbX7iGe6Bnj1gxvNYpump,3.3016693197185786e-06,3.3016693197185786e-06,3.3016693197185786e-06,3.3016693197185786e-06,12H,1758628800,0.0,usd,2025-09-23
8UuXDKVEpYXkDY1GE2rGjgZjbX7iGe6Bnj1gxvNYpump,3.3016693197185786e-06,3.3016693197185786e-06,3.3016693197185786e-06,3.3016693197185786e-06,12H,1758672000,0.0,usd,2025-09-24
8UuXDKVEpYXkDY1GE2rGjgZjbX7iGe6Bnj1gxvNYpump,3.3016693197185786e-06,3.3016693197185786e-06,3.3016693197185786e-06,3.3016693197185786e-06,12H,1758715200,0.0,usd,2025-09-24
8UuXDKVEpYXkDY1GE2rGjgZjbX7iGe6Bnj1gxvNYpump,3.3016693197185786e-06,3.3016693197185786e-06,3.3016693197185786e-06,3.3016693197185786e-06,12H,1758758400,0.0,usd,2025-09-25
8UuXDKVEpYXkDY1GE2rGjgZjbX7iGe6Bnj1gxvNYpump,3.3016693197185786e-06,3.3016693197185786e-06,3.3016693197185786e-06,3.3016693197185786e-06,12H,1758801600,0.0,usd,2025-09-25
8UuXDKVEpYXkDY1GE2rGjgZjbX7iGe6Bnj1gxvNYpump,3.3016693197185786e-06,3.3016693197185786e-06,3.3016693197185786e-06,3.3016693197185786e-06,12H,1758844800,0.0,usd,2025-09-26
8UuXDKVEpYXkDY1GE2rGjgZjbX7iGe6Bnj1gxvNYpump,3.3016693197185786e-06,3.3016693197185786e-06,3.3016693197185786e-06,3.3016693197185786e-06,12H,1758888000,0.0,usd,2025-09-26
8UuXDKVEpYXkDY1GE2rGjgZjbX7iGe6Bnj1gxvNYpump,3.3016693197185786e-06,3.3016693197185786e-06,3.3016693197185786e-06,3.3016693197185786e-06,12H,1758931200,0.0,usd,2025-09-27
8UuXDKVEpYXkDY1GE2rGjgZjbX7iGe6Bnj1gxvNYpump,3.3016693197185786e-06,3.3016693197185786e-06,3.3016693197185786e-06,3.3016693197185786e-06,12H,1758974400,0.0,usd,2025-09-27
8UuXDKVEpYXkDY1GE2rGjgZjbX7iGe6Bnj1gxvNYpump,3.3016693197185786e-06,3.3016693197185786e-06,3.3016693197185786e-06,3.3016693197185786e-06,12H,1759017600,0.0,usd,2025-09-28
8UuXDKVEpYXkDY1GE2rGjgZjbX7iGe6Bnj1gxvNYpump,3.3016693197185786e-06,3.3016693197185786e-06,3.3016693197185786e-06,3.3016693197185786e-06,12H,1759060800,0.0,usd,2025-09-28
8UuXDKVEpYXkDY1GE2rGjgZjbX7iGe6Bnj1gxvNYpump,3.3016693197185786e-06,3.3016693197185786e-06,3.3016693197185786e-06,3.3016693197185786e-06,12H,1759104000,0.0,usd,2025-09-29
8UuXDKVEpYXkDY1GE2rGjgZjbX7iGe6Bnj1gxvNYpump,3.3016693197185786e-06,3.3016693197185786e-06,3.3016693197185786e-06,3.3016693197185786e-06,12H,1759147200,0.0,usd,2025-09-29
8UuXDKVEpYXkDY1GE2rGjgZjbX7iGe6Bnj1gxvNYpump,3.3016693197185786e-06,3.3016693197185786e-06,3.3016693197185786e-06,3.3016693197185786e-06,12H,1759190400,0.0,usd,2025-09-30
8UuXDKVEpYXkDY1GE2rGjgZjbX7iGe6Bnj1gxvNYpump,3.3016693197185786e-06,3.3016693197185786e-06,3.3016693197185786e-06,3.3016693197185786e-06,12H,1759233600,0.0,usd,2025-09-30
8UuXDKVEpYXkDY1GE2rGjgZjbX7iGe6Bnj1gxvNYpump,3.3016693197185786e-06,3.3016693197185786e-06,3.3016693197185786e-06,3.3016693197185786e-06,12H,1759276800,0.0,usd,2025-10-01
8UuXDKVEpYXkDY1GE2rGjgZjbX7iGe6Bnj1gxvNYpump,3.3016693197185786e-06,3.3016693197185786e-06,3.3016693197185786e-06,3.3016693197185786e-06,12H,1759320000,0.0,usd,2025-10-01
8UuXDKVEpYXkDY1GE2rGjgZjbX7iGe6Bnj1gxvNYpump,3.3016693197185786e-06,3.3016693197185786e-06,3.3016693197185786e-06,3.3016693197185786e-06,12H,1759363200,0.0,usd,2025-10-02
8UuXDKVEpYXkDY1GE2rGjgZjbX7iGe6Bnj1gxvNYpump,3.3016693197185786e-06,3.3016693197185786e-06,3.3016693197185786e-06,3.3016693197185786e-06,12H,1759406400,0.0,usd,2025-10-02
8UuXDKVEpYXkDY1GE2rGjgZjbX7iGe6Bnj1gxvNYpump,3.3016693197185786e-06,3.3016693197185786e-06,3.3016693197185786e-06,3.3016693197185786e-06,12H,1759449600,0.0,usd,2025-10-03
8UuXDKVEpYXkDY1GE2rGjgZjbX7iGe6Bnj1gxvNYpump,3.3016693197185786e-06,3.3016693197185786e-06,3.3016693197185786e-06,3.3016693197185786e-06,12H,1759492800,0.0,usd,2025-10-03
8UuXDKVEpYXkDY1GE2rGjgZjbX7iGe6Bnj1gxvNYpump,3.3016693197185786e-06,3.3016693197185786e-06,3.3016693197185786e-06,3.3016693197185786e-06,12H,1759536000,0.0,usd,2025-10-04
8UuXDKVEpYXkDY1GE2rGjgZjbX7iGe6Bnj1gxvNYpump,3.3016693197185786e-06,3.3016693197185786e-06,3.3016693197185786e-06,3.3016693197185786e-06,12H,1759579200,0.0,usd,2025-10-04
8UuXDKVEpYXkDY1GE2rGjgZjbX7iGe6Bnj1gxvNYpump,3.3016693197185786e-06,3.3016693197185786e-06,3.3016693197185786e-06,3.3016693197185786e-06,12H,1759622400,0.0,usd,2025-10-05
8UuXDKVEpYXkDY1GE2rGjgZjbX7iGe6Bnj1gxvNYpump,3.3016693197185786e-06,3.3016693197185786e-06,3.3016693197185786e-06,3.3016693197185786e-06,12H,1759665600,0.0,usd,2025-10-05
8UuXDKVEpYXkDY1GE2rGjgZjbX7iGe6Bnj1gxvNYpump,3.3016693197185786e-06,3.3016693197185786e-06,3.3016693197185786e-06,3.3016693197185786e-06,12H,1759708800,0.0,usd,2025-10-06
8UuXDKVEpYXkDY1GE2rGjgZjbX7iGe6Bnj1gxvNYpump,3.3016693197185786e-06,3.3016693197185786e-06,3.3016693197185786e-06,3.3016693197185786e-06,12H,1759752000,0.0,usd,2025-10-06
8UuXDKVEpYXkDY1GE2rGjgZjbX7iGe6Bnj1gxvNYpump,3.3016693197185786e-06,3.3016693197185786e-06,3.3016693197185786e-06,3.3016693197185786e-06,12H,1759795200,0.0,usd,2025-10-07
8UuXDKVEpYXkDY1GE2rGjgZjbX7iGe6Bnj1gxvNYpump,3.3016693197185786e-06,3.3016693197185786e-06,3.3016693197185786e-06,3.3016693197185786e-06,12H,1759838400,0.0,usd,2025-10-07
8UuXDKVEpYXkDY1GE2rGjgZjbX7iGe6Bnj1gxvNYpump,3.3016693197185786e-06,3.3016693197185786e-06,3.3016693197185786e-06,3.3016693197185786e-06,12H,1759881600,0.0,usd,2025-10-08
8UuXDKVEpYXkDY1GE2rGjgZjbX7iGe6Bnj1gxvNYpump,3.3016693197185786e-06,3.3016693197185786e-06,3.3016693197185786e-06,3.3016693197185786e-06,12H,1759924800,0.0,usd,2025-10-08
8UuXDKVEpYXkDY1GE2rGjgZjbX7iGe6Bnj1gxvNYpump,3.3016693197185786e-06,3.3016693197185786e-06,3.3016693197185786e-06,3.3016693197185786e-06,12H,1759968000,0.0,usd,2025-10-09
8UuXDKVEpYXkDY1GE2rGjgZjbX7iGe6Bnj1gxvNYpump,3.3016693197185786e-06,3.3016693197185786e-06,3.3016693197185786e-06,3.3016693197185786e-06,12H,1760011200,0.0,usd,2025-10-09
8UuXDKVEpYXkDY1GE2rGjgZjbX7iGe6Bnj1gxvNYpump,3.3016693197185786e-06,3.3016693197185786e-06,3.3016693197185786e-06,3.3016693197185786e-06,12H,1760054400,0.0,usd,2025-10-10
8UuXDKVEpYXkDY1GE2rGjgZjbX7iGe6Bnj1gxvNYpump,3.3016693197185786e-06,3.3016693197185786e-06,3.3016693197185786e-06,3.3016693197185786e-06,12H,1760097600,0.0,usd,2025-10-10
8UuXDKVEpYXkDY1GE2rGjgZjbX7iGe6Bnj1gxvNYpump,3.3016693197185786e-06,3.3016693197185786e-06,3.3016693197185786e-06,3.3016693197185786e-06,12H,1760140800,0.0,usd,2025-10-11
8UuXDKVEpYXkDY1GE2rGjgZjbX7iGe6Bnj1gxvNYpump,3.3016693197185786e-06,3.3016693197185786e-06,3.3016693197185786e-06,3.3016693197185786e-06,12H,1760184000,0.0,usd,2025-10-11
8UuXDKVEpYXkDY1GE2rGjgZjbX7iGe6Bnj1gxvNYpump,3.3016693197185786e-06,3.3016693197185786e-06,3.3016693197185786e-06,3.3016693197185786e-06,12H,1760227200,0.0,usd,2025-10-12
8UuXDKVEpYXkDY1GE2rGjgZjbX7iGe6Bnj1gxvNYpump,3.3016693197185786e-06,3.3016693197185786e-06,3.3016693197185786e-06,3.3016693197185786e-06,12H,1760270400,0.0,usd,2025-10-12
8UuXDKVEpYXkDY1GE2rGjgZjbX7iGe6Bnj1gxvNYpump,3.3016693197185786e-06,3.3016693197185786e-06,3.3016693197185786e-06,3.3016693197185786e-06,12H,1760313600,0.0,usd,2025-10-13
8UuXDKVEpYXkDY1GE2rGjgZjbX7iGe6Bnj1gxvNYpump,3.3016693197185786e-06,3.3016693197185786e-06,3.3016693197185786e-06,3.3016693197185786e-06,12H,1760356800,0.0,usd,2025-10-13
8UuXDKVEpYXkDY1GE2rGjgZjbX7iGe6Bnj1gxvNYpump,3.3016693197185786e-06,3.3016693197185786e-06,3.3016693197185786e-06,3.3016693197185786e-06,12H,1760400000,0.0,usd,2025-10-14
8UuXDKVEpYXkDY1GE2rGjgZjbX7iGe6Bnj1gxvNYpump,3.3016693197185786e-06,3.3016693197185786e-06,3.3016693197185786e-06,3.3016693197185786e-06,12H,1760443200,0.0,usd,2025-10-14
8UuXDKVEpYXkDY1GE2rGjgZjbX7iGe6Bnj1gxvNYpump,3.3016693197185786e-06,3.3016693197185786e-06,3.3016693197185786e-06,3.3016693197185786e-06,12H,1760486400,0.0,usd,2025-10-15
8UuXDKVEpYXkDY1GE2rGjgZjbX7iGe6Bnj1gxvNYpump,3.3016693197185786e-06,3.3016693197185786e-06,3.3016693197185786e-06,3.3016693197185786e-06,12H,1760529600,0.0,usd,2025-10-15
8UuXDKVEpYXkDY1GE2rGjgZjbX7iGe6Bnj1gxvNYpump,3.3016693197185786e-06,3.3016693197185786e-06,3.3016693197185786e-06,3.3016693197185786e-06,12H,1760572800,0.0,usd,2025-10-16
8UuXDKVEpYXkDY1GE2rGjgZjbX7iGe6Bnj1gxvNYpump,3.3016693197185786e-06,3.3016693197185786e-06,3.3016693197185786e-06,3.3016693197185786e-06,12H,1760616000,0.0,usd,2025-10-16
8UuXDKVEpYXkDY1GE2rGjgZjbX7iGe6Bnj1gxvNYpump,3.3016693197185786e-06,3.3016693197185786e-06,3.3016693197185786e-06,3.3016693197185786e-06,12H,1760659200,0.0,usd,2025-10-17
8UuXDKVEpYXkDY1GE2rGjgZjbX7iGe6Bnj1gxvNYpump,3.3016693197185786e-06,3.3016693197185786e-06,3.3016693197185786e-06,3.3016693197185786e-06,12H,1760702400,0.0,usd,2025-10-17
8UuXDKVEpYXkDY1GE2rGjgZjbX7iGe6Bnj1gxvNYpump,3.3016693197185786e-06,3.3016693197185786e-06,3.3016693197185786e-06,3.3016693197185786e-06,12H,1760745600,0.0,usd,2025-10-18
8UuXDKVEpYXkDY1GE2rGjgZjbX7iGe6Bnj1gxvNYpump,3.3016693197185786e-06,3.3016693197185786e-06,3.3016693197185786e-06,3.3016693197185786e-06,12H,1760788800,0.0,usd,2025-10-18
8UuXDKVEpYXkDY1GE2rGjgZjbX7iGe6Bnj1gxvNYpump,3.3016693197185786e-06,3.3016693197185786e-06,3.3016693197185786e-06,3.3016693197185786e-06,12H,1760832000,0.0,usd,2025-10-19
8UuXDKVEpYXkDY1GE2rGjgZjbX7iGe6Bnj1gxvNYpump,3.3016693197185786e-06,3.3016693197185786e-06,3.3016693197185786e-06,3.3016693197185786e-06,12H,1760875200,0.0,usd,2025-10-19
8UuXDKVEpYXkDY1GE2rGjgZjbX7iGe6Bnj1gxvNYpump,3.3016693197185786e-06,3.3016693197185786e-06,3.3016693197185786e-06,3.3016693197185786e-06,12H,1760918400,0.0,usd,2025-10-20
8UuXDKVEpYXkDY1GE2rGjgZjbX7iGe6Bnj1gxvNYpump,3.3016693197185786e-06,3.3016693197185786e-06,3.3016693197185786e-06,3.3016693197185786e-06,12H,1760961600,0.0,usd,2025-10-20
8UuXDKVEpYXkDY1GE2rGjgZjbX7iGe6Bnj1gxvNYpump,3.3016693197185786e-06,3.3016693197185786e-06,3.3016693197185786e-06,3.3016693197185786e-06,12H,1761004800,0.0,usd,2025-10-21
8UuXDKVEpYXkDY1GE2rGjgZjbX7iGe6Bnj1gxvNYpump,3.3016693197185786e-06,3.3016693197185786e-06,3.3016693197185786e-06,3.3016693197185786e-06,12H,1761048000,0.0,usd,2025-10-21
8UuXDKVEpYXkDY1GE2rGjgZjbX7iGe6Bnj1gxvNYpump,3.3016693197185786e-06,3.3016693197185786e-06,3.3016693197185786e-06,3.3016693197185786e-06,12H,1761091200,0.0,usd,2025-10-22
8UuXDKVEpYXkDY1GE2rGjgZjbX7iGe6Bnj1gxvNYpump,3.3016693197185786e-06,3.3016693197185786e-06,3.3016693197185786e-06,3.3016693197185786e-06,12H,1761134400,0.0,usd,2025-10-22
8UuXDKVEpYXkDY1GE2rGjgZjbX7iGe6Bnj1gxvNYpump,3.3016693197185786e-06,3.3016693197185786e-06,3.3016693197185786e-06,3.3016693197185786e-06,12H,1761177600,0.0,usd,2025-10-23
8UuXDKVEpYXkDY1GE2rGjgZjbX7iGe6Bnj1gxvNYpump,3.3016693197185786e-06,3.3016693197185786e-06,3.3016693197185786e-06,3.3016693197185786e-06,12H,1761220800,0.0,usd,2025-10-23
8UuXDKVEpYXkDY1GE2rGjgZjbX7iGe6Bnj1gxvNYpump,3.3016693197185786e-06,3.3016693197185786e-06,3.3016693197185786e-06,3.3016693197185786e-06,12H,1761264000,0.0,usd,2025-10-24
8UuXDKVEpYXkDY1GE2rGjgZjbX7iGe6Bnj1gxvNYpump,3.3016693197185786e-06,3.3016693197185786e-06,3.3016693197185786e-06,3.3016693197185786e-06,12H,1761307200,0.0,usd,2025-10-24
8UuXDKVEpYXkDY1GE2rGjgZjbX7iGe6Bnj1gxvNYpump,3.3016693197185786e-06,3.3016693197185786e-06,3.3016693197185786e-06,3.3016693197185786e-06,12H,1761350400,0.0,usd,2025-10-25
8UuXDKVEpYXkDY1GE2rGjgZjbX7iGe6Bnj1gxvNYpump,3.3016693197185786e-06,3.3016693197185786e-06,3.3016693197185786e-06,3.3016693197185786e-06,12H,1761393600,0.0,usd,2025-10-25
8UuXDKVEpYXkDY1GE2rGjgZjbX7iGe6Bnj1gxvNYpump,3.3016693197185786e-06,3.3016693197185786e-06,3.3016693197185786e-06,3.3016693197185786e-06,12H,1761436800,0.0,usd,2025-10-26
8UuXDKVEpYXkDY1GE2rGjgZjbX7iGe6Bnj1gxvNYpump,3.3016693197185786e-06,3.3016693197185786e-06,3.3016693197185786e-06,3.3016693197185786e-06,12H,1761480000,0.0,usd,2025-10-26
8UuXDKVEpYXkDY1GE2rGjgZjbX7iGe6Bnj1gxvNYpump,3.3016693197185786e-06,3.3016693197185786e-06,3.3016693197185786e-06,3.3016693197185786e-06,12H,1761523200,0.0,usd,2025-10-27
8UuXDKVEpYXkDY1GE2rGjgZjbX7iGe6Bnj1gxvNYpump,3.3016693197185786e-06,3.3016693197185786e-06,3.3016693197185786e-06,3.3016693197185786e-06,12H,1761566400,0.0,usd,2025-10-27
8UuXDKVEpYXkDY1GE2rGjgZjbX7iGe6Bnj1gxvNYpump,3.3016693197185786e-06,3.3016693197185786e-06,3.3016693197185786e-06,3.3016693197185786e-06,12H,1761609600,0.0,usd,2025-10-28
8UuXDKVEpYXkDY1GE2rGjgZjbX7iGe6Bnj1gxvNYpump,3.3016693197185786e-06,3.3016693197185786e-06,3.3016693197185786e-06,3.3016693197185786e-06,12H,1761652800,0.0,usd,2025-10-28
8UuXDKVEpYXkDY1GE2rGjgZjbX7iGe6Bnj1gxvNYpump,3.3016693197185786e-06,3.3016693197185786e-06,3.3016693197185786e-06,3.3016693197185786e-06,12H,1761696000,0.0,usd,2025-10-29
8UuXDKVEpYXkDY1GE2rGjgZjbX7iGe6Bnj1gxvNYpump,3.3016693197185786e-06,3.3016693197185786e-06,3.3016693197185786e-06,3.3016693197185786e-06,12H,1761739200,0.0,usd,2025-10-29
8UuXDKVEpYXkDY1GE2rGjgZjbX7iGe6Bnj1gxvNYpump,3.3016693197185786e-06,3.3016693197185786e-06,3.3016693197185786e-06,3.3016693197185786e-06,12H,1761782400,0.0,usd,2025-10-30
8UuXDKVEpYXkDY1GE2rGjgZjbX7iGe6Bnj1gxvNYpump,3.3016693197185786e-06,3.3016693197185786e-06,3.3016693197185786e-06,3.3016693197185786e-06,12H,1761825600,0.0,usd,2025-10-30
8UuXDKVEpYXkDY1GE2rGjgZjbX7iGe6Bnj1gxvNYpump,3.3016693197185786e-06,3.3016693197185786e-06,3.3016693197185786e-06,3.3016693197185786e-06,12H,1761868800,0.0,usd,2025-10-31
8UuXDKVEpYXkDY1GE2rGjgZjbX7iGe6Bnj1gxvNYpump,3.3016693197185786e-06,3.3016693197185786e-06,3.3016693197185786e-06,3.3016693197185786e-06,12H,1761912000,0.0,usd,2025-10-31
8UuXDKVEpYXkDY1GE2rGjgZjbX7iGe6Bnj1gxvNYpump,3.3016693197185786e-06,3.3016693197185786e-06,3.3016693197185786e-06,3.3016693197185786e-06,12H,1761955200,0.0,usd,2025-11-01
8UuXDKVEpYXkDY1GE2rGjgZjbX7iGe6Bnj1gxvNYpump,3.3016693197185786e-06,3.3016693197185786e-06,3.3016693197185786e-06,3.3016693197185786e-06,12H,1761998400,0.0,usd,2025-11-01
8UuXDKVEpYXkDY1GE2rGjgZjbX7iGe6Bnj1gxvNYpump,3.3016693197185786e-06,3.3016693197185786e-06,3.3016693197185786e-06,3.3016693197185786e-06,12H,1762041600,0.0,usd,2025-11-02
8UuXDKVEpYXkDY1GE2rGjgZjbX7iGe6Bnj1gxvNYpump,3.3016693197185786e-06,3.3016693197185786e-06,3.3016693197185786e-06,3.3016693197185786e-06,12H,1762084800,0.0,usd,2025-11-02
8UuXDKVEpYXkDY1GE2rGjgZjbX7iGe6Bnj1gxvNYpump,3.3016693197185786e-06,3.3016693197185786e-06,3.3016693197185786e-06,3.3016693197185786e-06,12H,1762128000,0.0,usd,2025-11-03
8UuXDKVEpYXkDY1GE2rGjgZjbX7iGe6Bnj1gxvNYpump,3.3016693197185786e-06,3.3016693197185786e-06,3.3016693197185786e-06,3.3016693197185786e-06,12H,1762171200,0.0,usd,2025-11-03
8UuXDKVEpYXkDY1GE2rGjgZjbX7iGe6Bnj1gxvNYpump,3.3016693197185786e-06,3.3016693197185786e-06,3.3016693197185786e-06,3.3016693197185786e-06,12H,1762214400,0.0,usd,2025-11-04
8UuXDKVEpYXkDY1GE2rGjgZjbX7iGe6Bnj1gxvNYpump,3.3016693197185786e-06,3.3016693197185786e-06,3.3016693197185786e-06,3.3016693197185786e-06,12H,1762257600,0.0,usd,2025-11-04
8UuXDKVEpYXkDY1GE2rGjgZjbX7iGe6Bnj1gxvNYpump,3.3016693197185786e-06,3.3016693197185786e-06,3.3016693197185786e-06,3.3016693197185786e-06,12H,1762300800,0.0,usd,2025-11-05
8UuXDKVEpYXkDY1GE2rGjgZjbX7iGe6Bnj1gxvNYpump,3.3016693197185786e-06,3.3016693197185786e-06,3.3016693197185786e-06,3.3016693197185786e-06,12H,1762344000,0.0,usd,2025-11-05
8UuXDKVEpYXkDY1GE2rGjgZjbX7iGe6Bnj1gxvNYpump,3.3016693197185786e-06,3.3016693197185786e-06,3.3016693197185786e-06,3.3016693197185786e-06,12H,1762387200,0.0,usd,2025-11-06
8UuXDKVEpYXkDY1GE2rGjgZjbX7iGe6Bnj1gxvNYpump,3.3016693197185786e-06,3.3016693197185786e-06,3.3016693197185786e-06,3.3016693197185786e-06,12H,1762430400,0.0,usd,2025-11-06
8UuXDKVEpYXkDY1GE2rGjgZjbX7iGe6Bnj1gxvNYpump,3.3016693197185786e-06,3.3016693197185786e-06,3.3016693197185786e-06,3.3016693197185786e-06,12H,1762473600,0.0,usd,2025-11-07
8UuXDKVEpYXkDY1GE2rGjgZjbX7iGe6Bnj1gxvNYpump,3.3016693197185786e-06,3.3016693197185786e-06,3.3016693197185786e-06,3.3016693197185786e-06,12H,1762516800,0.0,usd,2025-11-07
8UuXDKVEpYXkDY1GE2rGjgZjbX7iGe6Bnj1gxvNYpump,3.3016693197185786e-06,3.3016693197185786e-06,3.3016693197185786e-06,3.3016693197185786e-06,12H,1762560000,0.0,usd,2025-11-08
8UuXDKVEpYXkDY1GE2rGjgZjbX7iGe6Bnj1gxvNYpump,3.3016693197185786e-06,3.3016693197185786e-06,3.3016693197185786e-06,3.3016693197185786e-06,12H,1762603200,0.0,usd,2025-11-08
8UuXDKVEpYXkDY1GE2rGjgZjbX7iGe6Bnj1gxvNYpump,3.3016693197185786e-06,3.3016693197185786e-06,3.3016693197185786e-06,3.3016693197185786e-06,12H,1762646400,0.0,usd,2025-11-09
8UuXDKVEpYXkDY1GE2rGjgZjbX7iGe6Bnj1gxvNYpump,3.3016693197185786e-06,3.3016693197185786e-06,3.3016693197185786e-06,3.3016693197185786e-06,12H,1762689600,0.0,usd,2025-11-09
8UuXDKVEpYXkDY1GE2rGjgZjbX7iGe6Bnj1gxvNYpump,3.3016693197185786e-06,3.3016693197185786e-06,3.3016693197185786e-06,3.3016693197185786e-06,12H,1762732800,0.0,usd,2025-11-10
8UuXDKVEpYXkDY1GE2rGjgZjbX7iGe6Bnj1gxvNYpump,3.3016693197185786e-06,3.3016693197185786e-06,3.3016693197185786e-06,3.3016693197185786e-06,12H,1762776000,0.0,usd,2025-11-10
8UuXDKVEpYXkDY1GE2rGjgZjbX7iGe6Bnj1gxvNYpump,3.3016693197185786e-06,3.3016693197185786e-06,3.3016693197185786e-06,3.3016693197185786e-06,12H,1762819200,0.0,usd,2025-11-11
8UuXDKVEpYXkDY1GE2rGjgZjbX7iGe6Bnj1gxvNYpump,3.3016693197185786e-06,3.3016693197185786e-06,3.3016693197185786e-06,3.3016693197185786e-06,12H,1762862400,0.0,usd,2025-11-11
8UuXDKVEpYXkDY1GE2rGjgZjbX7iGe6Bnj1gxvNYpump,3.3016693197185786e-06,3.3016693197185786e-06,3.3016693197185786e-06,3.3016693197185786e-06,12H,1762905600,0.0,usd,2025-11-12
8UuXDKVEpYXkDY1GE2rGjgZjbX7iGe6Bnj1gxvNYpump,3.3016693197185786e-06,3.3016693197185786e-06,3.3016693197185786e-06,3.3016693197185786e-06,12H,1762948800,0.0,usd,2025-11-12
8UuXDKVEpYXkDY1GE2rGjgZjbX7iGe6Bnj1gxvNYpump,3.3016693197185786e-06,3.3016693197185786e-06,3.3016693197185786e-06,3.3016693197185786e-06,12H,1762992000,0.0,usd,2025-11-13
8UuXDKVEpYXkDY1GE2rGjgZjbX7iGe6Bnj1gxvNYpump,3.3016693197185786e-06,3.3016693197185786e-06,3.3016693197185786e-06,3.3016693197185786e-06,12H,1763035200,0.0,usd,2025-11-13
8UuXDKVEpYXkDY1GE2rGjgZjbX7iGe6Bnj1gxvNYpump,3.3016693197185786e-06,3.3016693197185786e-06,3.3016693197185786e-06,3.3016693197185786e-06,12H,1763078400,0.0,usd,2025-11-14
8UuXDKVEpYXkDY1GE2rGjgZjbX7iGe6Bnj1gxvNYpump,3.3016693197185786e-06,3.3016693197185786e-06,3.3016693197185786e-06,3.3016693197185786e-06,12H,1763121600,0.0,usd,2025-11-14
8UuXDKVEpYXkDY1GE2rGjgZjbX7iGe6Bnj1gxvNYpump,3.3016693197185786e-06,3.3016693197185786e-06,3.3016693197185786e-06,3.3016693197185786e-06,12H,1763164800,0.0,usd,2025-11-15
8UuXDKVEpYXkDY1GE2rGjgZjbX7iGe6Bnj1gxvNYpump,3.3016693197185786e-06,3.3016693197185786e-06,3.3016693197185786e-06,3.3016693197185786e-06,12H,1763208000,0.0,usd,2025-11-15
8UuXDKVEpYXkDY1GE2rGjgZjbX7iGe6Bnj1gxvNYpump,3.3016693197185786e-06,3.3016693197185786e-06,3.3016693197185786e-06,3.3016693197185786e-06,12H,1763251200,0.0,usd,2025-11-16
8UuXDKVEpYXkDY1GE2rGjgZjbX7iGe6Bnj1gxvNYpump,3.3016693197185786e-06,3.3016693197185786e-06,3.3016693197185786e-06,3.3016693197185786e-06,12H,1763294400,0.0,usd,2025-11-16
8UuXDKVEpYXkDY1GE2rGjgZjbX7iGe6Bnj1gxvNYpump,3.3016693197185786e-06,3.3016693197185786e-06,3.3016693197185786e-06,3.3016693197185786e-06,12H,1763337600,0.0,usd,2025-11-17
8UuXDKVEpYXkDY1GE2rGjgZjbX7iGe6Bnj1gxvNYpump,3.3016693197185786e-06,3.3016693197185786e-06,3.3016693197185786e-06,3.3016693197185786e-06,12H,1763380800,0.0,usd,2025-11-17
8UuXDKVEpYXkDY1GE2rGjgZjbX7iGe6Bnj1gxvNYpump,3.3016693197185786e-06,3.3016693197185786e-06,3.3016693197185786e-06,3.3016693197185786e-06,12H,1763424000,0.0,usd,2025-11-18
8UuXDKVEpYXkDY1GE2rGjgZjbX7iGe6Bnj1gxvNYpump,3.3016693197185786e-06,3.3016693197185786e-06,3.3016693197185786e-06,3.3016693197185786e-06,12H,1763467200,0.0,usd,2025-11-18
8UuXDKVEpYXkDY1GE2rGjgZjbX7iGe6Bnj1gxvNYpump,3.3016693197185786e-06,3.3016693197185786e-06,3.3016693197185786e-06,3.3016693197185786e-06,12H,1763510400,0.0,usd,2025-11-19
8UuXDKVEpYXkDY1GE2rGjgZjbX7iGe6Bnj1gxvNYpump,3.3016693197185786e-06,3.3016693197185786e-06,3.3016693197185786e-06,3.3016693197185786e-06,12H,1763553600,0.0,usd,2025-11-19
8UuXDKVEpYXkDY1GE2rGjgZjbX7iGe6Bnj1gxvNYpump,3.3016693197185786e-06,3.3016693197185786e-06,3.3016693197185786e-06,3.3016693197185786e-06,12H,1763596800,0.0,usd,2025-11-20
8UuXDKVEpYXkDY1GE2rGjgZjbX7iGe6Bnj1gxvNYpump,3.3016693197185786e-06,3.3016693197185786e-06,3.3016693197185786e-06,3.3016693197185786e-06,12H,1763640000,0.0,usd,2025-11-20
8UuXDKVEpYXkDY1GE2rGjgZjbX7iGe6Bnj1gxvNYpump,3.3016693197185786e-06,3.3016693197185786e-06,3.3016693197185786e-06,3.3016693197185786e-06,12H,1763683200,0.0,usd,2025-11-21
8UuXDKVEpYXkDY1GE2rGjgZjbX7iGe6Bnj1gxvNYpump,3.3016693197185786e-06,3.3016693197185786e-06,3.3016693197185786e-06,3.3016693197185786e-06,12H,1763726400,0.0,usd,2025-11-21
8UuXDKVEpYXkDY1GE2rGjgZjbX7iGe6Bnj1gxvNYpump,3.3016693197185786e-06,3.3016693197185786e-06,3.3016693197185786e-06,3.3016693197185786e-06,12H,1763769600,0.0,usd,2025-11-22
8UuXDKVEpYXkDY1GE2rGjgZjbX7iGe6Bnj1gxvNYpump,3.3016693197185786e-06,3.3016693197185786e-06,3.3016693197185786e-06,3.3016693197185786e-06,12H,1763812800,0.0,usd,2025-11-22
8UuXDKVEpYXkDY1GE2rGjgZjbX7iGe6Bnj1gxvNYpump,3.3016693197185786e-06,3.3016693197185786e-06,3.3016693197185786e-06,3.3016693197185786e-06,12H,1763856000,0.0,usd,2025-11-23
8UuXDKVEpYXkDY1GE2rGjgZjbX7iGe6Bnj1gxvNYpump,3.3016693197185786e-06,3.3016693197185786e-06,3.3016693197185786e-06,3.3016693197185786e-06,12H,1763899200,0.0,usd,2025-11-23
8UuXDKVEpYXkDY1GE2rGjgZjbX7iGe6Bnj1gxvNYpump,3.3016693197185786e-06,3.3016693197185786e-06,3.3016693197185786e-06,3.3016693197185786e-06,12H,1763942400,0.0,usd,2025-11-24
8UuXDKVEpYXkDY1GE2rGjgZjbX7iGe6Bnj1gxvNYpump,3.3016693197185786e-06,3.3016693197185786e-06,3.3016693197185786e-06,3.3016693197185786e-06,12H,1763985600,0.0,usd,2025-11-24
8UuXDKVEpYXkDY1GE2rGjgZjbX7iGe6Bnj1gxvNYpump,3.3016693197185786e-06,3.3016693197185786e-06,3.3016693197185786e-06,3.3016693197185786e-06,12H,1764028800,0.0,usd,2025-11-25
8UuXDKVEpYXkDY1GE2rGjgZjbX7iGe6Bnj1gxvNYpump,3.3016693197185786e-06,3.3016693197185786e-06,3.3016693197185786e-06,3.3016693197185786e-06,12H,1764072000,0.0,usd,2025-11-25
8UuXDKVEpYXkDY1GE2rGjgZjbX7iGe6Bnj1gxvNYpump,3.3016693197185786e-06,3.3016693197185786e-06,3.3016693197185786e-06,3.3016693197185786e-06,12H,1764115200,0.0,usd,2025-11-26
8UuXDKVEpYXkDY1GE2rGjgZjbX7iGe6Bnj1gxvNYpump,3.3016693197185786e-06,3.3016693197185786e-06,3.3016693197185786e-06,3.3016693197185786e-06,12H,1764158400,0.0,usd,2025-11-26
8UuXDKVEpYXkDY1GE2rGjgZjbX7iGe6Bnj1gxvNYpump,3.3016693197185786e-06,3.3016693197185786e-06,3.3016693197185786e-06,3.3016693197185786e-06,12H,1764201600,0.0,usd,2025-11-27
8UuXDKVEpYXkDY1GE2rGjgZjbX7iGe6Bnj1gxvNYpump,3.3016693197185786e-06,3.3016693197185786e-06,3.3016693197185786e-06,3.3016693197185786e-06,12H,1764244800,0.0,usd,2025-11-27
8UuXDKVEpYXkDY1GE2rGjgZjbX7iGe6Bnj1gxvNYpump,3.3016693197185786e-06,3.3016693197185786e-06,3.3016693197185786e-06,3.3016693197185786e-06,12H,1764288000,0.0,usd,2025-11-28
8UuXDKVEpYXkDY1GE2rGjgZjbX7iGe6Bnj1gxvNYpump,3.3016693197185786e-06,3.3016693197185786e-06,3.3016693197185786e-06,3.3016693197185786e-06,12H,1764331200,0.0,usd,2025-11-28
8UuXDKVEpYXkDY1GE2rGjgZjbX7iGe6Bnj1gxvNYpump,3.3016693197185786e-06,3.3016693197185786e-06,3.3016693197185786e-06,3.3016693197185786e-06,12H,1764374400,0.0,usd,2025-11-29
8UuXDKVEpYXkDY1GE2rGjgZjbX7iGe6Bnj1gxvNYpump,3.3016693197185786e-06,3.3016693197185786e-06,3.3016693197185786e-06,3.3016693197185786e-06,12H,1764417600,0.0,usd,2025-11-29
8UuXDKVEpYXkDY1GE2rGjgZjbX7iGe6Bnj1gxvNYpump,3.3016693197185786e-06,3.3016693197185786e-06,3.3016693197185786e-06,3.3016693197185786e-06,12H,1764460800,0.0,usd,2025-11-30
8UuXDKVEpYXkDY1GE2rGjgZjbX7iGe6Bnj1gxvNYpump,3.3016693197185786e-06,3.3016693197185786e-06,3.3016693197185786e-06,3.3016693197185786e-06,12H,1764504000,0.0,usd,2025-11-30
8UuXDKVEpYXkDY1GE2rGjgZjbX7iGe6Bnj1gxvNYpump,3.3016693197185786e-06,3.3016693197185786e-06,3.3016693197185786e-06,3.3016693197185786e-06,12H,1764547200,0.0,usd,2025-12-01
8UuXDKVEpYXkDY1GE2rGjgZjbX7iGe6Bnj1gxvNYpump,3.3016693197185786e-06,3.3016693197185786e-06,3.3016693197185786e-06,3.3016693197185786e-06,12H,1764590400,0.0,usd,2025-12-01
8UuXDKVEpYXkDY1GE2rGjgZjbX7iGe6Bnj1gxvNYpump,3.3016693197185786e-06,3.3016693197185786e-06,3.3016693197185786e-06,3.3016693197185786e-06,12H,1764633600,0.0,usd,2025-12-02
8UuXDKVEpYXkDY1GE2rGjgZjbX7iGe6Bnj1gxvNYpump,3.3016693197185786e-06,3.3016693197185786e-06,3.3016693197185786e-06,3.3016693197185786e-06,12H,1764676800,0.0,usd,2025-12-02
8UuXDKVEpYXkDY1GE2rGjgZjbX7iGe6Bnj1gxvNYpump,3.3016693197185786e-06,3.3016693197185786e-06,3.3016693197185786e-06,3.3016693197185786e-06,12H,1764720000,0.0,usd,2025-12-03
8UuXDKVEpYXkDY1GE2rGjgZjbX7iGe6Bnj1gxvNYpump,3.3016693197185786e-06,3.3016693197185786e-06,3.3016693197185786e-06,3.3016693197185786e-06,12H,1764763200,0.0,usd,2025-12-03
8UuXDKVEpYXkDY1GE2rGjgZjbX7iGe6Bnj1gxvNYpump,3.3016693197185786e-06,3.3016693197185786e-06,3.3016693197185786e-06,3.3016693197185786e-06,12H,1764806400,0.0,usd,2025-12-04
8UuXDKVEpYXkDY1GE2rGjgZjbX7iGe6Bnj1gxvNYpump,3.3016693197185786e-06,3.3016693197185786e-06,3.3016693197185786e-06,3.3016693197185786e-06,12H,1764849600,0.0,usd,2025-12-04
8UuXDKVEpYXkDY1GE2rGjgZjbX7iGe6Bnj1gxvNYpump,3.3016693197185786e-06,3.3016693197185786e-06,3.3016693197185786e-06,3.3016693197185786e-06,12H,1764892800,0.0,usd,2025-12-05
8UuXDKVEpYXkDY1GE2rGjgZjbX7iGe6Bnj1gxvNYpump,3.3016693197185786e-06,3.3016693197185786e-06,3.3016693197185786e-06,3.3016693197185786e-06,12H,1764936000,0.0,usd,2025-12-05
8UuXDKVEpYXkDY1GE2rGjgZjbX7iGe6Bnj1gxvNYpump,3.3016693197185786e-06,3.3016693197185786e-06,3.3016693197185786e-06,3.3016693197185786e-06,12H,1764979200,0.0,usd,2025-12-06
8UuXDKVEpYXkDY1GE2rGjgZjbX7iGe6Bnj1gxvNYpump,3.3016693197185786e-06,3.3016693197185786e-06,3.3016693197185786e-06,3.3016693197185786e-06,12H,1765022400,0.0,usd,2025-12-06
8UuXDKVEpYXkDY1GE2rGjgZjbX7iGe6Bnj1gxvNYpump,3.3016693197185786e-06,3.3016693197185786e-06,3.3016693197185786e-06,3.3016693197185786e-06,12H,1765065600,0.0,usd,2025-12-07
8UuXDKVEpYXkDY1GE2rGjgZjbX7iGe6Bnj1gxvNYpump,3.3016693197185786e-06,3.3016693197185786e-06,3.3016693197185786e-06,3.3016693197185786e-06,12H,1765108800,0.0,usd,2025-12-07
8UuXDKVEpYXkDY1GE2rGjgZjbX7iGe6Bnj1gxvNYpump,3.3016693197185786e-06,3.3016693197185786e-06,3.3016693197185786e-06,3.3016693197185786e-06,12H,1765152000,0.0,usd,2025-12-08
8UuXDKVEpYXkDY1GE2rGjgZjbX7iGe6Bnj1gxvNYpump,3.3016693197185786e-06,3.3016693197185786e-06,3.3016693197185786e-06,3.3016693197185786e-06,12H,1765195200,0.0,usd,2025-12-08
