address,close,high,low,open,type,ts,volume,currency,date,interval
2qgURia1oejhtngnt3cpUXyiKyguaTjEKQPQcmd5pump,6.533485632550089e-06,6.559572190630188e-06,6.533485632550089e-06,6.559572190630188e-06,1m,1759794120,3257636.656699,usd,2025-10-06,1m
2qgURia1oejhtngnt3cpUXyiKyguaTjEKQPQcmd5pump,6.533485632550089e-06,6.533485632550089e-06,6.533485632550089e-06,6.533485632550089e-06,1m,1759794180,0.0,usd,2025-10-06,1m
2qgURia1oejhtngnt3cpUXyiKyguaTjEKQPQcmd5pump,6.533485632550089e-06,6.533485632550089e-06,6.533485632550089e-06,6.533485632550089e-06,1m,1759794240,0.0,usd,2025-10-06,1m
2qgURia1oejhtngnt3cpUXyiKyguaTjEKQPQcmd5pump,6.533485632550089e-06,6.533485632550089e-06,6.533485632550089e-06,6.533485632550089e-06,1m,1759794300,0.0,usd,2025-10-06,1m
2qgURia1oejhtngnt3cpUXyiKyguaTjEKQPQcmd5pump,6.533485632550089e-06,6.533485632550089e-06,6.533485632550089e-06,6.533485632550089e-06,1m,1759794360,0.0,usd,2025-10-06,1m
2qgURia1oejhtngnt3cpUXyiKyguaTjEKQPQcmd5pump,6.533485632550089e-06,6.533485632550089e-06,6.533485632550089e-06,6.533485632550089e-06,1m,1759794420,0.0,usd,2025-10-06,1m
2qgURia1oejhtngnt3cpUXyiKyguaTjEKQPQcmd5pump,6.533485632550089e-06,6.533485632550089e-06,6.533485632550089e-06,6.533485632550089e-06,1m,1759794480,0.0,usd,2025-10-06,1m
2qgURia1oejhtngnt3cpUXyiKyguaTjEKQPQcmd5pump,6.533485632550089e-06,6.533485632550089e-06,6.533485632550089e-06,6.533485632550089e-06,1m,1759794540,0.0,usd,2025-10-06,1m
2qgURia1oejhtngnt3cpUXyiKyguaTjEKQPQcmd5pump,6.533485632550089e-06,6.533485632550089e-06,6.533485632550089e-06,6.533485632550089e-06,1m,1759794600,0.0,usd,2025-10-06,1m
2qgURia1oejhtngnt3cpUXyiKyguaTjEKQPQcmd5pump,6.533485632550089e-06,6.533485632550089e-06,6.533485632550089e-06,6.533485632550089e-06,1m,1759794660,0.0,usd,2025-10-06,1m
2qgURia1oejhtngnt3cpUXyiKyguaTjEKQPQcmd5pump,6.533485632550089e-06,6.533485632550089e-06,6.533485632550089e-06,6.533485632550089e-06,1m,1759794720,0.0,usd,2025-10-06,1m
2qgURia1oejhtngnt3cpUXyiKyguaTjEKQPQcmd5pump,6.533485632550089e-06,6.533485632550089e-06,6.533485632550089e-06,6.533485632550089e-06,1m,1759794780,0.0,usd,2025-10-06,1m
2qgURia1oejhtngnt3cpUXyiKyguaTjEKQPQcmd5pump,6.533485632550089e-06,6.533485632550089e-06,6.533485632550089e-06,6.533485632550089e-06,1m,1759794840,0.0,usd,2025-10-06,1m
2qgURia1oejhtngnt3cpUXyiKyguaTjEKQPQcmd5pump,6.533485632550089e-06,6.533485632550089e-06,6.533485632550089e-06,6.533485632550089e-06,1m,1759794900,0.0,usd,2025-10-06,1m
2qgURia1oejhtngnt3cpUXyiKyguaTjEKQPQcmd5pump,6.533485632550089e-06,6.533485632550089e-06,6.533485632550089e-06,6.533485632550089e-06,1m,1759794960,0.0,usd,2025-10-06,1m
2qgURia1oejhtngnt3cpUXyiKyguaTjEKQPQcmd5pump,6.533485632550089e-06,6.533485632550089e-06,6.533485632550089e-06,6.533485632550089e-06,1m,1759795020,0.0,usd,2025-10-06,1m
2qgURia1oejhtngnt3cpUXyiKyguaTjEKQPQcmd5pump,6.533485632550089e-06,6.533485632550089e-06,6.533485632550089e-06,6.533485632550089e-06,1m,1759795080,0.0,usd,2025-10-06,1m
2qgURia1oejhtngnt3cpUXyiKyguaTjEKQPQcmd5pump,6.533485632550089e-06,6.533485632550089e-06,6.533485632550089e-06,6.533485632550089e-06,1m,1759795140,0.0,usd,2025-10-06,1m
2qgURia1oejhtngnt3cpUXyiKyguaTjEKQPQcmd5pump,6.533485632550089e-06,6.533485632550089e-06,6.533485632550089e-06,6.533485632550089e-06,1m,1759795200,0.0,usd,2025-10-07,1m
2qgURia1oejhtngnt3cpUXyiKyguaTjEKQPQcmd5pump,6.533485632550089e-06,6.533485632550089e-06,6.533485632550089e-06,6.533485632550089e-06,1m,1759795260,0.0,usd,2025-10-07,1m
2qgURia1oejhtngnt3cpUXyiKyguaTjEKQPQcmd5pump,6.533485632550089e-06,6.533485632550089e-06,6.533485632550089e-06,6.533485632550089e-06,1m,1759795320,0.0,usd,2025-10-07,1m
2qgURia1oejhtngnt3cpUXyiKyguaTjEKQPQcmd5pump,6.533485632550089e-06,6.533485632550089e-06,6.533485632550089e-06,6.533485632550089e-06,1m,1759795380,0.0,usd,2025-10-07,1m
2qgURia1oejhtngnt3cpUXyiKyguaTjEKQPQcmd5pump,6.533485632550089e-06,6.533485632550089e-06,6.533485632550089e-06,6.533485632550089e-06,1m,1759795440,0.0,usd,2025-10-07,1m
2qgURia1oejhtngnt3cpUXyiKyguaTjEKQPQcmd5pump,6.533485632550089e-06,6.533485632550089e-06,6.533485632550089e-06,6.533485632550089e-06,1m,1759795500,0.0,usd,2025-10-07,1m
2qgURia1oejhtngnt3cpUXyiKyguaTjEKQPQcmd5pump,6.533485632550089e-06,6.533485632550089e-06,6.533485632550089e-06,6.533485632550089e-06,1m,1759795560,0.0,usd,2025-10-07,1m
2qgURia1oejhtngnt3cpUXyiKyguaTjEKQPQcmd5pump,6.533485632550089e-06,6.533485632550089e-06,6.533485632550089e-06,6.533485632550089e-06,1m,1759795620,0.0,usd,2025-10-07,1m
2qgURia1oejhtngnt3cpUXyiKyguaTjEKQPQcmd5pump,6.533485632550089e-06,6.533485632550089e-06,6.533485632550089e-06,6.533485632550089e-06,1m,1759795680,0.0,usd,2025-10-07,1m
2qgURia1oejhtngnt3cpUXyiKyguaTjEKQPQcmd5pump,6.533485632550089e-06,6.533485632550089e-06,6.533485632550089e-06,6.533485632550089e-06,1m,1759795740,0.0,usd,2025-10-07,1m
2qgURia1oejhtngnt3cpUXyiKyguaTjEKQPQcmd5pump,6.533485632550089e-06,6.533485632550089e-06,6.533485632550089e-06,6.533485632550089e-06,1m,1759795800,0.0,usd,2025-10-07,1m
2qgURia1oejhtngnt3cpUXyiKyguaTjEKQPQcmd5pump,6.533485632550089e-06,6.533485632550089e-06,6.533485632550089e-06,6.533485632550089e-06,1m,1759795860,0.0,usd,2025-10-07,1m
2qgURia1oejhtngnt3cpUXyiKyguaTjEKQPQcmd5pump,6.533485632550089e-06,6.533485632550089e-06,6.533485632550089e-06,6.533485632550089e-06,1m,1759795920,0.0,usd,2025-10-07,1m
2qgURia1oejhtngnt3cpUXyiKyguaTjEKQPQcmd5pump,6.533485632550089e-06,6.533485632550089e-06,6.533485632550089e-06,6.533485632550089e-06,1m,1759795980,0.0,usd,2025-10-07,1m
2qgURia1oejhtngnt3cpUXyiKyguaTjEKQPQcmd5pump,6.533485632550089e-06,6.533485632550089e-06,6.533485632550089e-06,6.533485632550089e-06,1m,1759796040,0.0,usd,2025-10-07,1m
2qgURia1oejhtngnt3cpUXyiKyguaTjEKQPQcmd5pump,6.533485632550089e-06,6.533485632550089e-06,6.533485632550089e-06,6.533485632550089e-06,1m,1759796100,0.0,usd,2025-10-07,1m
2qgURia1oejhtngnt3cpUXyiKyguaTjEKQPQcmd5pump,6.533485632550089e-06,6.533485632550089e-06,6.533485632550089e-06,6.533485632550089e-06,1m,1759796160,0.0,usd,2025-10-07,1m
2qgURia1oejhtngnt3cpUXyiKyguaTjEKQPQcmd5pump,6.533485632550089e-06,6.533485632550089e-06,6.533485632550089e-06,6.533485632550089e-06,1m,1759796220,0.0,usd,2025-10-07,1m
2qgURia1oejhtngnt3cpUXyiKyguaTjEKQPQcmd5pump,6.533485632550089e-06,6.533485632550089e-06,6.533485632550089e-06,6.533485632550089e-06,1m,1759796280,0.0,usd,2025-10-07,1m
2qgURia1oejhtngnt3cpUXyiKyguaTjEKQPQcmd5pump,6.533485632550089e-06,6.533485632550089e-06,6.533485632550089e-06,6.533485632550089e-06,1m,1759796340,0.0,usd,2025-10-07,1m
2qgURia1oejhtngnt3cpUXyiKyguaTjEKQPQcmd5pump,6.533485632550089e-06,6.533485632550089e-06,6.533485632550089e-06,6.533485632550089e-06,1m,1759796400,0.0,usd,2025-10-07,1m
2qgURia1oejhtngnt3cpUXyiKyguaTjEKQPQcmd5pump,6.533485632550089e-06,6.533485632550089e-06,6.533485632550089e-06,6.533485632550089e-06,1m,1759796460,0.0,usd,2025-10-07,1m
2qgURia1oejhtngnt3cpUXyiKyguaTjEKQPQcmd5pump,6.533485632550089e-06,6.533485632550089e-06,6.533485632550089e-06,6.533485632550089e-06,1m,1759796520,0.0,usd,2025-10-07,1m
2qgURia1oejhtngnt3cpUXyiKyguaTjEKQPQcmd5pump,6.533485632550089e-06,6.533485632550089e-06,6.533485632550089e-06,6.533485632550089e-06,1m,1759796580,0.0,usd,2025-10-07,1m
2qgURia1oejhtngnt3cpUXyiKyguaTjEKQPQcmd5pump,6.533485632550089e-06,6.533485632550089e-06,6.533485632550089e-06,6.533485632550089e-06,1m,1759796640,0.0,usd,2025-10-07,1m
2qgURia1oejhtngnt3cpUXyiKyguaTjEKQPQcmd5pump,6.533485632550089e-06,6.533485632550089e-06,6.533485632550089e-06,6.533485632550089e-06,1m,1759796700,0.0,usd,2025-10-07,1m
2qgURia1oejhtngnt3cpUXyiKyguaTjEKQPQcmd5pump,6.533485632550089e-06,6.533485632550089e-06,6.533485632550089e-06,6.533485632550089e-06,1m,1759796760,0.0,usd,2025-10-07,1m
2qgURia1oejhtngnt3cpUXyiKyguaTjEKQPQcmd5pump,6.533485632550089e-06,6.533485632550089e-06,6.533485632550089e-06,6.533485632550089e-06,1m,1759796820,0.0,usd,2025-10-07,1m
2qgURia1oejhtngnt3cpUXyiKyguaTjEKQPQcmd5pump,6.533485632550089e-06,6.533485632550089e-06,6.533485632550089e-06,6.533485632550089e-06,1m,1759796880,0.0,usd,2025-10-07,1m
2qgURia1oejhtngnt3cpUXyiKyguaTjEKQPQcmd5pump,6.533485632550089e-06,6.533485632550089e-06,6.533485632550089e-06,6.533485632550089e-06,1m,1759796940,0.0,usd,2025-10-07,1m
2qgURia1oejhtngnt3cpUXyiKyguaTjEKQPQcmd5pump,6.533485632550089e-06,6.533485632550089e-06,6.533485632550089e-06,6.533485632550089e-06,1m,1759797000,0.0,usd,2025-10-07,1m
2qgURia1oejhtngnt3cpUXyiKyguaTjEKQPQcmd5pump,6.533485632550089e-06,6.533485632550089e-06,6.533485632550089e-06,6.533485632550089e-06,1m,1759797060,0.0,usd,2025-10-07,1m
2qgURia1oejhtngnt3cpUXyiKyguaTjEKQPQcmd5pump,6.533485632550089e-06,6.533485632550089e-06,6.533485632550089e-06,6.533485632550089e-06,1m,1759797120,0.0,usd,2025-10-07,1m
2qgURia1oejhtngnt3cpUXyiKyguaTjEKQPQcmd5pump,6.533485632550089e-06,6.533485632550089e-06,6.533485632550089e-06,6.533485632550089e-06,1m,1759797180,0.0,usd,2025-10-07,1m
2qgURia1oejhtngnt3cpUXyiKyguaTjEKQPQcmd5pump,6.533485632550089e-06,6.533485632550089e-06,6.533485632550089e-06,6.533485632550089e-06,1m,1759797240,0.0,usd,2025-10-07,1m
2qgURia1oejhtngnt3cpUXyiKyguaTjEKQPQcmd5pump,6.533485632550089e-06,6.533485632550089e-06,6.533485632550089e-06,6.533485632550089e-06,1m,1759797300,0.0,usd,2025-10-07,1m
2qgURia1oejhtngnt3cpUXyiKyguaTjEKQPQcmd5pump,6.533485632550089e-06,6.533485632550089e-06,6.533485632550089e-06,6.533485632550089e-06,1m,1759797360,0.0,usd,2025-10-07,1m
2qgURia1oejhtngnt3cpUXyiKyguaTjEKQPQcmd5pump,6.533485632550089e-06,6.533485632550089e-06,6.533485632550089e-06,6.533485632550089e-06,1m,1759797420,0.0,usd,2025-10-07,1m
2qgURia1oejhtngnt3cpUXyiKyguaTjEKQPQcmd5pump,6.533485632550089e-06,6.533485632550089e-06,6.533485632550089e-06,6.533485632550089e-06,1m,1759797480,0.0,usd,2025-10-07,1m
2qgURia1oejhtngnt3cpUXyiKyguaTjEKQPQcmd5pump,6.533485632550089e-06,6.533485632550089e-06,6.533485632550089e-06,6.533485632550089e-06,1m,1759797540,0.0,usd,2025-10-07,1m
2qgURia1oejhtngnt3cpUXyiKyguaTjEKQPQcmd5pump,6.533485632550089e-06,6.533485632550089e-06,6.533485632550089e-06,6.533485632550089e-06,1m,1759797600,0.0,usd,2025-10-07,1m
2qgURia1oejhtngnt3cpUXyiKyguaTjEKQPQcmd5pump,6.533485632550089e-06,6.533485632550089e-06,6.533485632550089e-06,6.533485632550089e-06,1m,1759797660,0.0,usd,2025-10-07,1m
2qgURia1oejhtngnt3cpUXyiKyguaTjEKQPQcmd5pump,6.533485632550089e-06,6.533485632550089e-06,6.533485632550089e-06,6.533485632550089e-06,1m,1759797720,0.0,usd,2025-10-07,1m
2qgURia1oejhtngnt3cpUXyiKyguaTjEKQPQcmd5pump,6.533485632550089e-06,6.533485632550089e-06,6.533485632550089e-06,6.533485632550089e-06,1m,1759797780,0.0,usd,2025-10-07,1m
2qgURia1oejhtngnt3cpUXyiKyguaTjEKQPQcmd5pump,6.533485632550089e-06,6.533485632550089e-06,6.533485632550089e-06,6.533485632550089e-06,1m,1759797840,0.0,usd,2025-10-07,1m
2qgURia1oejhtngnt3cpUXyiKyguaTjEKQPQcmd5pump,6.533485632550089e-06,6.533485632550089e-06,6.533485632550089e-06,6.533485632550089e-06,1m,1759797900,0.0,usd,2025-10-07,1m
2qgURia1oejhtngnt3cpUXyiKyguaTjEKQPQcmd5pump,6.533485632550089e-06,6.533485632550089e-06,6.533485632550089e-06,6.533485632550089e-06,1m,1759797960,0.0,usd,2025-10-07,1m
2qgURia1oejhtngnt3cpUXyiKyguaTjEKQPQcmd5pump,6.533485632550089e-06,6.533485632550089e-06,6.533485632550089e-06,6.533485632550089e-06,1m,1759798020,0.0,usd,2025-10-07,1m
2qgURia1oejhtngnt3cpUXyiKyguaTjEKQPQcmd5pump,6.533485632550089e-06,6.533485632550089e-06,6.533485632550089e-06,6.533485632550089e-06,1m,1759798080,0.0,usd,2025-10-07,1m
2qgURia1oejhtngnt3cpUXyiKyguaTjEKQPQcmd5pump,6.533485632550089e-06,6.533485632550089e-06,6.533485632550089e-06,6.533485632550089e-06,1m,1759798140,0.0,usd,2025-10-07,1m
2qgURia1oejhtngnt3cpUXyiKyguaTjEKQPQcmd5pump,6.533485632550089e-06,6.533485632550089e-06,6.533485632550089e-06,6.533485632550089e-06,1m,1759798200,0.0,usd,2025-10-07,1m
2qgURia1oejhtngnt3cpUXyiKyguaTjEKQPQcmd5pump,6.533485632550089e-06,6.533485632550089e-06,6.533485632550089e-06,6.533485632550089e-06,1m,1759798260,0.0,usd,2025-10-07,1m
2qgURia1oejhtngnt3cpUXyiKyguaTjEKQPQcmd5pump,6.533485632550089e-06,6.533485632550089e-06,6.533485632550089e-06,6.533485632550089e-06,1m,1759798320,0.0,usd,2025-10-07,1m
2qgURia1oejhtngnt3cpUXyiKyguaTjEKQPQcmd5pump,6.533485632550089e-06,6.533485632550089e-06,6.533485632550089e-06,6.533485632550089e-06,1m,1759798380,0.0,usd,2025-10-07,1m
2qgURia1oejhtngnt3cpUXyiKyguaTjEKQPQcmd5pump,6.533485632550089e-06,6.533485632550089e-06,6.533485632550089e-06,6.533485632550089e-06,1m,1759798440,0.0,usd,2025-10-07,1m
2qgURia1oejhtngnt3cpUXyiKyguaTjEKQPQcmd5pump,6.533485632550089e-06,6.533485632550089e-06,6.533485632550089e-06,6.533485632550089e-06,1m,1759798500,0.0,usd,2025-10-07,1m
2qgURia1oejhtngnt3cpUXyiKyguaTjEKQPQcmd5pump,6.533485632550089e-06,6.533485632550089e-06,6.533485632550089e-06,6.533485632550089e-06,1m,1759798560,0.0,usd,2025-10-07,1m
2qgURia1oejhtngnt3cpUXyiKyguaTjEKQPQcmd5pump,6.533485632550089e-06,6.533485632550089e-06,6.533485632550089e-06,6.533485632550089e-06,1m,1759798620,0.0,usd,2025-10-07,1m
2qgURia1oejhtngnt3cpUXyiKyguaTjEKQPQcmd5pump,6.533485632550089e-06,6.533485632550089e-06,6.533485632550089e-06,6.533485632550089e-06,1m,1759798680,0.0,usd,2025-10-07,1m
2qgURia1oejhtngnt3cpUXyiKyguaTjEKQPQcmd5pump,6.533485632550089e-06,6.533485632550089e-06,6.533485632550089e-06,6.533485632550089e-06,1m,1759798740,0.0,usd,2025-10-07,1m
2qgURia1oejhtngnt3cpUXyiKyguaTjEKQPQcmd5pump,6.533485632550089e-06,6.533485632550089e-06,6.533485632550089e-06,6.533485632550089e-06,1m,1759798800,0.0,usd,2025-10-07,1m
2qgURia1oejhtngnt3cpUXyiKyguaTjEKQPQcmd5pump,6.533485632550089e-06,6.533485632550089e-06,6.533485632550089e-06,6.533485632550089e-06,1m,1759798860,0.0,usd,2025-10-07,1m
2qgURia1oejhtngnt3cpUXyiKyguaTjEKQPQcmd5pump,6.533485632550089e-06,6.533485632550089e-06,6.533485632550089e-06,6.533485632550089e-06,1m,1759798920,0.0,usd,2025-10-07,1m
2qgURia1oejhtngnt3cpUXyiKyguaTjEKQPQcmd5pump,6.533485632550089e-06,6.533485632550089e-06,6.533485632550089e-06,6.533485632550089e-06,1m,1759798980,0.0,usd,2025-10-07,1m
2qgURia1oejhtngnt3cpUXyiKyguaTjEKQPQcmd5pump,6.533485632550089e-06,6.533485632550089e-06,6.533485632550089e-06,6.533485632550089e-06,1m,1759799040,0.0,usd,2025-10-07,1m
2qgURia1oejhtngnt3cpUXyiKyguaTjEKQPQcmd5pump,6.533485632550089e-06,6.533485632550089e-06,6.533485632550089e-06,6.533485632550089e-06,1m,1759799100,0.0,usd,2025-10-07,1m
2qgURia1oejhtngnt3cpUXyiKyguaTjEKQPQcmd5pump,6.533485632550089e-06,6.533485632550089e-06,6.533485632550089e-06,6.533485632550089e-06,1m,1759799160,0.0,usd,2025-10-07,1m
2qgURia1oejhtngnt3cpUXyiKyguaTjEKQPQcmd5pump,6.533485632550089e-06,6.533485632550089e-06,6.533485632550089e-06,6.533485632550089e-06,1m,1759799220,0.0,usd,2025-10-07,1m
2qgURia1oejhtngnt3cpUXyiKyguaTjEKQPQcmd5pump,6.533485632550089e-06,6.533485632550089e-06,6.533485632550089e-06,6.533485632550089e-06,1m,1759799280,0.0,usd,2025-10-07,1m
2qgURia1oejhtngnt3cpUXyiKyguaTjEKQPQcmd5pump,6.533485632550089e-06,6.533485632550089e-06,6.533485632550089e-06,6.533485632550089e-06,1m,1759799340,0.0,usd,2025-10-07,1m
2qgURia1oejhtngnt3cpUXyiKyguaTjEKQPQcmd5pump,6.533485632550089e-06,6.533485632550089e-06,6.533485632550089e-06,6.533485632550089e-06,1m,1759799400,0.0,usd,2025-10-07,1m
2qgURia1oejhtngnt3cpUXyiKyguaTjEKQPQcmd5pump,6.533485632550089e-06,6.533485632550089e-06,6.533485632550089e-06,6.533485632550089e-06,1m,1759799460,0.0,usd,2025-10-07,1m
2qgURia1oejhtngnt3cpUXyiKyguaTjEKQPQcmd5pump,6.533485632550089e-06,6.533485632550089e-06,6.533485632550089e-06,6.533485632550089e-06,1m,1759799520,0.0,usd,2025-10-07,1m
2qgURia1oejhtngnt3cpUXyiKyguaTjEKQPQcmd5pump,6.533485632550089e-06,6.533485632550089e-06,6.533485632550089e-06,6.533485632550089e-06,1m,1759799580,0.0,usd,2025-10-07,1m
2qgURia1oejhtngnt3cpUXyiKyguaTjEKQPQcmd5pump,6.533485632550089e-06,6.533485632550089e-06,6.533485632550089e-06,6.533485632550089e-06,1m,1759799640,0.0,usd,2025-10-07,1m
2qgURia1oejhtngnt3cpUXyiKyguaTjEKQPQcmd5pump,6.533485632550089e-06,6.533485632550089e-06,6.533485632550089e-06,6.533485632550089e-06,1m,1759799700,0.0,usd,2025-10-07,1m
2qgURia1oejhtngnt3cpUXyiKyguaTjEKQPQcmd5pump,6.533485632550089e-06,6.533485632550089e-06,6.533485632550089e-06,6.533485632550089e-06,1m,1759799760,0.0,usd,2025-10-07,1m
2qgURia1oejhtngnt3cpUXyiKyguaTjEKQPQcmd5pump,6.533485632550089e-06,6.533485632550089e-06,6.533485632550089e-06,6.533485632550089e-06,1m,1759799820,0.0,usd,2025-10-07,1m
2qgURia1oejhtngnt3cpUXyiKyguaTjEKQPQcmd5pump,6.533485632550089e-06,6.533485632550089e-06,6.533485632550089e-06,6.533485632550089e-06,1m,1759799880,0.0,usd,2025-10-07,1m
2qgURia1oejhtngnt3cpUXyiKyguaTjEKQPQcmd5pump,6.533485632550089e-06,6.533485632550089e-06,6.533485632550089e-06,6.533485632550089e-06,1m,1759799940,0.0,usd,2025-10-07,1m
2qgURia1oejhtngnt3cpUXyiKyguaTjEKQPQcmd5pump,6.533485632550089e-06,6.533485632550089e-06,6.533485632550089e-06,6.533485632550089e-06,1m,1759800000,0.0,usd,2025-10-07,1m
2qgURia1oejhtngnt3cpUXyiKyguaTjEKQPQcmd5pump,6.533485632550089e-06,6.533485632550089e-06,6.533485632550089e-06,6.533485632550089e-06,1m,1759800060,0.0,usd,2025-10-07,1m
2qgURia1oejhtngnt3cpUXyiKyguaTjEKQPQcmd5pump,6.533485632550089e-06,6.533485632550089e-06,6.533485632550089e-06,6.533485632550089e-06,1m,1759800120,0.0,usd,2025-10-07,1m
2qgURia1oejhtngnt3cpUXyiKyguaTjEKQPQcmd5pump,6.533485632550089e-06,6.533485632550089e-06,6.533485632550089e-06,6.533485632550089e-06,1m,1759800180,0.0,usd,2025-10-07,1m
2qgURia1oejhtngnt3cpUXyiKyguaTjEKQPQcmd5pump,6.533485632550089e-06,6.533485632550089e-06,6.533485632550089e-06,6.533485632550089e-06,1m,1759800240,0.0,usd,2025-10-07,1m
2qgURia1oejhtngnt3cpUXyiKyguaTjEKQPQcmd5pump,6.533485632550089e-06,6.533485632550089e-06,6.533485632550089e-06,6.533485632550089e-06,1m,1759800300,0.0,usd,2025-10-07,1m
2qgURia1oejhtngnt3cpUXyiKyguaTjEKQPQcmd5pump,6.533485632550089e-06,6.533485632550089e-06,6.533485632550089e-06,6.533485632550089e-06,1m,1759800360,0.0,usd,2025-10-07,1m
2qgURia1oejhtngnt3cpUXyiKyguaTjEKQPQcmd5pump,6.533485632550089e-06,6.533485632550089e-06,6.533485632550089e-06,6.533485632550089e-06,1m,1759800420,0.0,usd,2025-10-07,1m
2qgURia1oejhtngnt3cpUXyiKyguaTjEKQPQcmd5pump,6.533485632550089e-06,6.533485632550089e-06,6.533485632550089e-06,6.533485632550089e-06,1m,1759800480,0.0,usd,2025-10-07,1m
2qgURia1oejhtngnt3cpUXyiKyguaTjEKQPQcmd5pump,6.533485632550089e-06,6.533485632550089e-06,6.533485632550089e-06,6.533485632550089e-06,1m,1759800540,0.0,usd,2025-10-07,1m
2qgURia1oejhtngnt3cpUXyiKyguaTjEKQPQcmd5pump,6.533485632550089e-06,6.533485632550089e-06,6.533485632550089e-06,6.533485632550089e-06,1m,1759800600,0.0,usd,2025-10-07,1m
2qgURia1oejhtngnt3cpUXyiKyguaTjEKQPQcmd5pump,6.533485632550089e-06,6.533485632550089e-06,6.533485632550089e-06,6.533485632550089e-06,1m,1759800660,0.0,usd,2025-10-07,1m
2qgURia1oejhtngnt3cpUXyiKyguaTjEKQPQcmd5pump,6.533485632550089e-06,6.533485632550089e-06,6.533485632550089e-06,6.533485632550089e-06,1m,1759800720,0.0,usd,2025-10-07,1m
2qgURia1oejhtngnt3cpUXyiKyguaTjEKQPQcmd5pump,6.533485632550089e-06,6.533485632550089e-06,6.533485632550089e-06,6.533485632550089e-06,1m,1759800780,0.0,usd,2025-10-07,1m
2qgURia1oejhtngnt3cpUXyiKyguaTjEKQPQcmd5pump,6.533485632550089e-06,6.533485632550089e-06,6.533485632550089e-06,6.533485632550089e-06,1m,1759800840,0.0,usd,2025-10-07,1m
2qgURia1oejhtngnt3cpUXyiKyguaTjEKQPQcmd5pump,6.533485632550089e-06,6.533485632550089e-06,6.533485632550089e-06,6.533485632550089e-06,1m,1759800900,0.0,usd,2025-10-07,1m
2qgURia1oejhtngnt3cpUXyiKyguaTjEKQPQcmd5pump,6.533485632550089e-06,6.533485632550089e-06,6.533485632550089e-06,6.533485632550089e-06,1m,1759800960,0.0,usd,2025-10-07,1m
2qgURia1oejhtngnt3cpUXyiKyguaTjEKQPQcmd5pump,6.533485632550089e-06,6.533485632550089e-06,6.533485632550089e-06,6.533485632550089e-06,1m,1759801020,0.0,usd,2025-10-07,1m
2qgURia1oejhtngnt3cpUXyiKyguaTjEKQPQcmd5pump,6.533485632550089e-06,6.533485632550089e-06,6.533485632550089e-06,6.533485632550089e-06,1m,1759801080,0.0,usd,2025-10-07,1m
2qgURia1oejhtngnt3cpUXyiKyguaTjEKQPQcmd5pump,6.533485632550089e-06,6.533485632550089e-06,6.533485632550089e-06,6.533485632550089e-06,1m,1759801140,0.0,usd,2025-10-07,1m
2qgURia1oejhtngnt3cpUXyiKyguaTjEKQPQcmd5pump,6.533485632550089e-06,6.533485632550089e-06,6.533485632550089e-06,6.533485632550089e-06,1m,1759801200,0.0,usd,2025-10-07,1m
2qgURia1oejhtngnt3cpUXyiKyguaTjEKQPQcmd5pump,6.533485632550089e-06,6.533485632550089e-06,6.533485632550089e-06,6.533485632550089e-06,1m,1759801260,0.0,usd,2025-10-07,1m
2qgURia1oejhtngnt3cpUXyiKyguaTjEKQPQcmd5pump,6.533485632550089e-06,6.533485632550089e-06,6.533485632550089e-06,6.533485632550089e-06,1m,1759801320,0.0,usd,2025-10-07,1m
2qgURia1oejhtngnt3cpUXyiKyguaTjEKQPQcmd5pump,6.533485632550089e-06,6.533485632550089e-06,6.533485632550089e-06,6.533485632550089e-06,1m,1759801380,0.0,usd,2025-10-07,1m
2qgURia1oejhtngnt3cpUXyiKyguaTjEKQPQcmd5pump,6.533485632550089e-06,6.533485632550089e-06,6.533485632550089e-06,6.533485632550089e-06,1m,1759801440,0.0,usd,2025-10-07,1m
2qgURia1oejhtngnt3cpUXyiKyguaTjEKQPQcmd5pump,6.533485632550089e-06,6.533485632550089e-06,6.533485632550089e-06,6.533485632550089e-06,1m,1759801500,0.0,usd,2025-10-07,1m
2qgURia1oejhtngnt3cpUXyiKyguaTjEKQPQcmd5pump,6.533485632550089e-06,6.533485632550089e-06,6.533485632550089e-06,6.533485632550089e-06,1m,1759801560,0.0,usd,2025-10-07,1m
2qgURia1oejhtngnt3cpUXyiKyguaTjEKQPQcmd5pump,6.533485632550089e-06,6.533485632550089e-06,6.533485632550089e-06,6.533485632550089e-06,1m,1759801620,0.0,usd,2025-10-07,1m
2qgURia1oejhtngnt3cpUXyiKyguaTjEKQPQcmd5pump,6.533485632550089e-06,6.533485632550089e-06,6.533485632550089e-06,6.533485632550089e-06,1m,1759801680,0.0,usd,2025-10-07,1m
2qgURia1oejhtngnt3cpUXyiKyguaTjEKQPQcmd5pump,6.533485632550089e-06,6.533485632550089e-06,6.533485632550089e-06,6.533485632550089e-06,1m,1759801740,0.0,usd,2025-10-07,1m
2qgURia1oejhtngnt3cpUXyiKyguaTjEKQPQcmd5pump,6.533485632550089e-06,6.533485632550089e-06,6.533485632550089e-06,6.533485632550089e-06,1m,1759801800,0.0,usd,2025-10-07,1m
2qgURia1oejhtngnt3cpUXyiKyguaTjEKQPQcmd5pump,6.533485632550089e-06,6.533485632550089e-06,6.533485632550089e-06,6.533485632550089e-06,1m,1759801860,0.0,usd,2025-10-07,1m
2qgURia1oejhtngnt3cpUXyiKyguaTjEKQPQcmd5pump,6.533485632550089e-06,6.533485632550089e-06,6.533485632550089e-06,6.533485632550089e-06,1m,1759801920,0.0,usd,2025-10-07,1m
2qgURia1oejhtngnt3cpUXyiKyguaTjEKQPQcmd5pump,6.533485632550089e-06,6.533485632550089e-06,6.533485632550089e-06,6.533485632550089e-06,1m,1759801980,0.0,usd,2025-10-07,1m
2qgURia1oejhtngnt3cpUXyiKyguaTjEKQPQcmd5pump,6.533485632550089e-06,6.533485632550089e-06,6.533485632550089e-06,6.533485632550089e-06,1m,1759802040,0.0,usd,2025-10-07,1m
2qgURia1oejhtngnt3cpUXyiKyguaTjEKQPQcmd5pump,6.533485632550089e-06,6.533485632550089e-06,6.533485632550089e-06,6.533485632550089e-06,1m,1759802100,0.0,usd,2025-10-07,1m
2qgURia1oejhtngnt3cpUXyiKyguaTjEKQPQcmd5pump,6.533485632550089e-06,6.533485632550089e-06,6.533485632550089e-06,6.533485632550089e-06,1m,1759802160,0.0,usd,2025-10-07,1m
2qgURia1oejhtngnt3cpUXyiKyguaTjEKQPQcmd5pump,6.533485632550089e-06,6.533485632550089e-06,6.533485632550089e-06,6.533485632550089e-06,1m,1759802220,0.0,usd,2025-10-07,1m
2qgURia1oejhtngnt3cpUXyiKyguaTjEKQPQcmd5pump,6.533485632550089e-06,6.533485632550089e-06,6.533485632550089e-06,6.533485632550089e-06,1m,1759802280,0.0,usd,2025-10-07,1m
2qgURia1oejhtngnt3cpUXyiKyguaTjEKQPQcmd5pump,6.533485632550089e-06,6.533485632550089e-06,6.533485632550089e-06,6.533485632550089e-06,1m,1759802340,0.0,usd,2025-10-07,1m
2qgURia1oejhtngnt3cpUXyiKyguaTjEKQPQcmd5pump,6.533485632550089e-06,6.533485632550089e-06,6.533485632550089e-06,6.533485632550089e-06,1m,1759802400,0.0,usd,2025-10-07,1m
2qgURia1oejhtngnt3cpUXyiKyguaTjEKQPQcmd5pump,6.533485632550089e-06,6.533485632550089e-06,6.533485632550089e-06,6.533485632550089e-06,1m,1759802460,0.0,usd,2025-10-07,1m
2qgURia1oejhtngnt3cpUXyiKyguaTjEKQPQcmd5pump,6.533485632550089e-06,6.533485632550089e-06,6.533485632550089e-06,6.533485632550089e-06,1m,1759802520,0.0,usd,2025-10-07,1m
2qgURia1oejhtngnt3cpUXyiKyguaTjEKQPQcmd5pump,6.533485632550089e-06,6.533485632550089e-06,6.533485632550089e-06,6.533485632550089e-06,1m,1759802580,0.0,usd,2025-10-07,1m
2qgURia1oejhtngnt3cpUXyiKyguaTjEKQPQcmd5pump,6.533485632550089e-06,6.533485632550089e-06,6.533485632550089e-06,6.533485632550089e-06,1m,1759802640,0.0,usd,2025-10-07,1m
2qgURia1oejhtngnt3cpUXyiKyguaTjEKQPQcmd5pump,6.533485632550089e-06,6.533485632550089e-06,6.533485632550089e-06,6.533485632550089e-06,1m,1759802700,0.0,usd,2025-10-07,1m
2qgURia1oejhtngnt3cpUXyiKyguaTjEKQPQcmd5pump,6.533485632550089e-06,6.533485632550089e-06,6.533485632550089e-06,6.533485632550089e-06,1m,1759802760,0.0,usd,2025-10-07,1m
2qgURia1oejhtngnt3cpUXyiKyguaTjEKQPQcmd5pump,6.533485632550089e-06,6.533485632550089e-06,6.533485632550089e-06,6.533485632550089e-06,1m,1759802820,0.0,usd,2025-10-07,1m
2qgURia1oejhtngnt3cpUXyiKyguaTjEKQPQcmd5pump,6.533485632550089e-06,6.533485632550089e-06,6.533485632550089e-06,6.533485632550089e-06,1m,1759802880,0.0,usd,2025-10-07,1m
2qgURia1oejhtngnt3cpUXyiKyguaTjEKQPQcmd5pump,6.533485632550089e-06,6.533485632550089e-06,6.533485632550089e-06,6.533485632550089e-06,1m,1759802940,0.0,usd,2025-10-07,1m
2qgURia1oejhtngnt3cpUXyiKyguaTjEKQPQcmd5pump,6.533485632550089e-06,6.533485632550089e-06,6.533485632550089e-06,6.533485632550089e-06,1m,1759803000,0.0,usd,2025-10-07,1m
2qgURia1oejhtngnt3cpUXyiKyguaTjEKQPQcmd5pump,6.533485632550089e-06,6.533485632550089e-06,6.533485632550089e-06,6.533485632550089e-06,1m,1759803060,0.0,usd,2025-10-07,1m
2qgURia1oejhtngnt3cpUXyiKyguaTjEKQPQcmd5pump,6.533485632550089e-06,6.533485632550089e-06,6.533485632550089e-06,6.533485632550089e-06,1m,1759803120,0.0,usd,2025-10-07,1m
2qgURia1oejhtngnt3cpUXyiKyguaTjEKQPQcmd5pump,6.533485632550089e-06,6.533485632550089e-06,6.533485632550089e-06,6.533485632550089e-06,1m,1759803180,0.0,usd,2025-10-07,1m
2qgURia1oejhtngnt3cpUXyiKyguaTjEKQPQcmd5pump,6.533485632550089e-06,6.533485632550089e-06,6.533485632550089e-06,6.533485632550089e-06,1m,1759803240,0.0,usd,2025-10-07,1m
2qgURia1oejhtngnt3cpUXyiKyguaTjEKQPQcmd5pump,6.533485632550089e-06,6.533485632550089e-06,6.533485632550089e-06,6.533485632550089e-06,1m,1759803300,0.0,usd,2025-10-07,1m
2qgURia1oejhtngnt3cpUXyiKyguaTjEKQPQcmd5pump,6.533485632550089e-06,6.533485632550089e-06,6.533485632550089e-06,6.533485632550089e-06,1m,1759803360,0.0,usd,2025-10-07,1m
2qgURia1oejhtngnt3cpUXyiKyguaTjEKQPQcmd5pump,6.533485632550089e-06,6.533485632550089e-06,6.533485632550089e-06,6.533485632550089e-06,1m,1759803420,0.0,usd,2025-10-07,1m
2qgURia1oejhtngnt3cpUXyiKyguaTjEKQPQcmd5pump,6.533485632550089e-06,6.533485632550089e-06,6.533485632550089e-06,6.533485632550089e-06,1m,1759803480,0.0,usd,2025-10-07,1m
2qgURia1oejhtngnt3cpUXyiKyguaTjEKQPQcmd5pump,6.533485632550089e-06,6.533485632550089e-06,6.533485632550089e-06,6.533485632550089e-06,1m,1759803540,0.0,usd,2025-10-07,1m
2qgURia1oejhtngnt3cpUXyiKyguaTjEKQPQcmd5pump,6.533485632550089e-06,6.533485632550089e-06,6.533485632550089e-06,6.533485632550089e-06,1m,1759803600,0.0,usd,2025-10-07,1m
2qgURia1oejhtngnt3cpUXyiKyguaTjEKQPQcmd5pump,6.533485632550089e-06,6.533485632550089e-06,6.533485632550089e-06,6.533485632550089e-06,1m,1759803660,0.0,usd,2025-10-07,1m
2qgURia1oejhtngnt3cpUXyiKyguaTjEKQPQcmd5pump,6.533485632550089e-06,6.533485632550089e-06,6.533485632550089e-06,6.533485632550089e-06,1m,1759803720,0.0,usd,2025-10-07,1m
2qgURia1oejhtngnt3cpUXyiKyguaTjEKQPQcmd5pump,6.533485632550089e-06,6.533485632550089e-06,6.533485632550089e-06,6.533485632550089e-06,1m,1759803780,0.0,usd,2025-10-07,1m
2qgURia1oejhtngnt3cpUXyiKyguaTjEKQPQcmd5pump,6.533485632550089e-06,6.533485632550089e-06,6.533485632550089e-06,6.533485632550089e-06,1m,1759803840,0.0,usd,2025-10-07,1m
2qgURia1oejhtngnt3cpUXyiKyguaTjEKQPQcmd5pump,6.533485632550089e-06,6.533485632550089e-06,6.533485632550089e-06,6.533485632550089e-06,1m,1759803900,0.0,usd,2025-10-07,1m
2qgURia1oejhtngnt3cpUXyiKyguaTjEKQPQcmd5pump,6.533485632550089e-06,6.533485632550089e-06,6.533485632550089e-06,6.533485632550089e-06,1m,1759803960,0.0,usd,2025-10-07,1m
2qgURia1oejhtngnt3cpUXyiKyguaTjEKQPQcmd5pump,6.533485632550089e-06,6.533485632550089e-06,6.533485632550089e-06,6.533485632550089e-06,1m,1759804020,0.0,usd,2025-10-07,1m
2qgURia1oejhtngnt3cpUXyiKyguaTjEKQPQcmd5pump,6.533485632550089e-06,6.533485632550089e-06,6.533485632550089e-06,6.533485632550089e-06,1m,1759804080,0.0,usd,2025-10-07,1m
2qgURia1oejhtngnt3cpUXyiKyguaTjEKQPQcmd5pump,6.533485632550089e-06,6.533485632550089e-06,6.533485632550089e-06,6.533485632550089e-06,1m,1759804140,0.0,usd,2025-10-07,1m
2qgURia1oejhtngnt3cpUXyiKyguaTjEKQPQcmd5pump,6.533485632550089e-06,6.533485632550089e-06,6.533485632550089e-06,6.533485632550089e-06,1m,1759804200,0.0,usd,2025-10-07,1m
2qgURia1oejhtngnt3cpUXyiKyguaTjEKQPQcmd5pump,6.533485632550089e-06,6.533485632550089e-06,6.533485632550089e-06,6.533485632550089e-06,1m,1759804260,0.0,usd,2025-10-07,1m
2qgURia1oejhtngnt3cpUXyiKyguaTjEKQPQcmd5pump,6.533485632550089e-06,6.533485632550089e-06,6.533485632550089e-06,6.533485632550089e-06,1m,1759804320,0.0,usd,2025-10-07,1m
2qgURia1oejhtngnt3cpUXyiKyguaTjEKQPQcmd5pump,6.533485632550089e-06,6.533485632550089e-06,6.533485632550089e-06,6.533485632550089e-06,1m,1759804380,0.0,usd,2025-10-07,1m
2qgURia1oejhtngnt3cpUXyiKyguaTjEKQPQcmd5pump,6.533485632550089e-06,6.533485632550089e-06,6.533485632550089e-06,6.533485632550089e-06,1m,1759804440,0.0,usd,2025-10-07,1m
2qgURia1oejhtngnt3cpUXyiKyguaTjEKQPQcmd5pump,6.533485632550089e-06,6.533485632550089e-06,6.533485632550089e-06,6.533485632550089e-06,1m,1759804500,0.0,usd,2025-10-07,1m
2qgURia1oejhtngnt3cpUXyiKyguaTjEKQPQcmd5pump,6.533485632550089e-06,6.533485632550089e-06,6.533485632550089e-06,6.533485632550089e-06,1m,1759804560,0.0,usd,2025-10-07,1m
2qgURia1oejhtngnt3cpUXyiKyguaTjEKQPQcmd5pump,6.533485632550089e-06,6.533485632550089e-06,6.533485632550089e-06,6.533485632550089e-06,1m,1759804620,0.0,usd,2025-10-07,1m
2qgURia1oejhtngnt3cpUXyiKyguaTjEKQPQcmd5pump,6.533485632550089e-06,6.533485632550089e-06,6.533485632550089e-06,6.533485632550089e-06,1m,1759804680,0.0,usd,2025-10-07,1m
2qgURia1oejhtngnt3cpUXyiKyguaTjEKQPQcmd5pump,6.533485632550089e-06,6.533485632550089e-06,6.533485632550089e-06,6.533485632550089e-06,1m,1759804740,0.0,usd,2025-10-07,1m
2qgURia1oejhtngnt3cpUXyiKyguaTjEKQPQcmd5pump,6.533485632550089e-06,6.533485632550089e-06,6.533485632550089e-06,6.533485632550089e-06,1m,1759804800,0.0,usd,2025-10-07,1m
2qgURia1oejhtngnt3cpUXyiKyguaTjEKQPQcmd5pump,6.533485632550089e-06,6.533485632550089e-06,6.533485632550089e-06,6.533485632550089e-06,1m,1759804860,0.0,usd,2025-10-07,1m
2qgURia1oejhtngnt3cpUXyiKyguaTjEKQPQcmd5pump,6.533485632550089e-06,6.533485632550089e-06,6.533485632550089e-06,6.533485632550089e-06,1m,1759804920,0.0,usd,2025-10-07,1m
2qgURia1oejhtngnt3cpUXyiKyguaTjEKQPQcmd5pump,6.533485632550089e-06,6.533485632550089e-06,6.533485632550089e-06,6.533485632550089e-06,1m,1759804980,0.0,usd,2025-10-07,1m
2qgURia1oejhtngnt3cpUXyiKyguaTjEKQPQcmd5pump,6.533485632550089e-06,6.533485632550089e-06,6.533485632550089e-06,6.533485632550089e-06,1m,1759805040,0.0,usd,2025-10-07,1m
2qgURia1oejhtngnt3cpUXyiKyguaTjEKQPQcmd5pump,6.533485632550089e-06,6.533485632550089e-06,6.533485632550089e-06,6.533485632550089e-06,1m,1759805100,0.0,usd,2025-10-07,1m
2qgURia1oejhtngnt3cpUXyiKyguaTjEKQPQcmd5pump,6.533485632550089e-06,6.533485632550089e-06,6.533485632550089e-06,6.533485632550089e-06,1m,1759805160,0.0,usd,2025-10-07,1m
2qgURia1oejhtngnt3cpUXyiKyguaTjEKQPQcmd5pump,6.533485632550089e-06,6.533485632550089e-06,6.533485632550089e-06,6.533485632550089e-06,1m,1759805220,0.0,usd,2025-10-07,1m
2qgURia1oejhtngnt3cpUXyiKyguaTjEKQPQcmd5pump,6.533485632550089e-06,6.533485632550089e-06,6.533485632550089e-06,6.533485632550089e-06,1m,1759805280,0.0,usd,2025-10-07,1m
2qgURia1oejhtngnt3cpUXyiKyguaTjEKQPQcmd5pump,6.533485632550089e-06,6.533485632550089e-06,6.533485632550089e-06,6.533485632550089e-06,1m,1759805340,0.0,usd,2025-10-07,1m
2qgURia1oejhtngnt3cpUXyiKyguaTjEKQPQcmd5pump,6.533485632550089e-06,6.533485632550089e-06,6.533485632550089e-06,6.533485632550089e-06,1m,1759805400,0.0,usd,2025-10-07,1m
2qgURia1oejhtngnt3cpUXyiKyguaTjEKQPQcmd5pump,6.533485632550089e-06,6.533485632550089e-06,6.533485632550089e-06,6.533485632550089e-06,1m,1759805460,0.0,usd,2025-10-07,1m
2qgURia1oejhtngnt3cpUXyiKyguaTjEKQPQcmd5pump,6.533485632550089e-06,6.533485632550089e-06,6.533485632550089e-06,6.533485632550089e-06,1m,1759805520,0.0,usd,2025-10-07,1m
2qgURia1oejhtngnt3cpUXyiKyguaTjEKQPQcmd5pump,6.533485632550089e-06,6.533485632550089e-06,6.533485632550089e-06,6.533485632550089e-06,1m,1759805580,0.0,usd,2025-10-07,1m
2qgURia1oejhtngnt3cpUXyiKyguaTjEKQPQcmd5pump,6.533485632550089e-06,6.533485632550089e-06,6.533485632550089e-06,6.533485632550089e-06,1m,1759805640,0.0,usd,2025-10-07,1m
2qgURia1oejhtngnt3cpUXyiKyguaTjEKQPQcmd5pump,6.533485632550089e-06,6.533485632550089e-06,6.533485632550089e-06,6.533485632550089e-06,1m,1759805700,0.0,usd,2025-10-07,1m
2qgURia1oejhtngnt3cpUXyiKyguaTjEKQPQcmd5pump,6.533485632550089e-06,6.533485632550089e-06,6.533485632550089e-06,6.533485632550089e-06,1m,1759805760,0.0,usd,2025-10-07,1m
2qgURia1oejhtngnt3cpUXyiKyguaTjEKQPQcmd5pump,6.533485632550089e-06,6.533485632550089e-06,6.533485632550089e-06,6.533485632550089e-06,1m,1759805820,0.0,usd,2025-10-07,1m
2qgURia1oejhtngnt3cpUXyiKyguaTjEKQPQcmd5pump,6.533485632550089e-06,6.533485632550089e-06,6.533485632550089e-06,6.533485632550089e-06,1m,1759805880,0.0,usd,2025-10-07,1m
2qgURia1oejhtngnt3cpUXyiKyguaTjEKQPQcmd5pump,6.533485632550089e-06,6.533485632550089e-06,6.533485632550089e-06,6.533485632550089e-06,1m,1759805940,0.0,usd,2025-10-07,1m
2qgURia1oejhtngnt3cpUXyiKyguaTjEKQPQcmd5pump,6.533485632550089e-06,6.533485632550089e-06,6.533485632550089e-06,6.533485632550089e-06,1m,1759806000,0.0,usd,2025-10-07,1m
2qgURia1oejhtngnt3cpUXyiKyguaTjEKQPQcmd5pump,6.533485632550089e-06,6.533485632550089e-06,6.533485632550089e-06,6.533485632550089e-06,1m,1759806060,0.0,usd,2025-10-07,1m
2qgURia1oejhtngnt3cpUXyiKyguaTjEKQPQcmd5pump,6.533485632550089e-06,6.533485632550089e-06,6.533485632550089e-06,6.533485632550089e-06,1m,1759806120,0.0,usd,2025-10-07,1m
2qgURia1oejhtngnt3cpUXyiKyguaTjEKQPQcmd5pump,6.533485632550089e-06,6.533485632550089e-06,6.533485632550089e-06,6.533485632550089e-06,1m,1759806180,0.0,usd,2025-10-07,1m
2qgURia1oejhtngnt3cpUXyiKyguaTjEKQPQcmd5pump,6.533485632550089e-06,6.533485632550089e-06,6.533485632550089e-06,6.533485632550089e-06,1m,1759806240,0.0,usd,2025-10-07,1m
2qgURia1oejhtngnt3cpUXyiKyguaTjEKQPQcmd5pump,6.533485632550089e-06,6.533485632550089e-06,6.533485632550089e-06,6.533485632550089e-06,1m,1759806300,0.0,usd,2025-10-07,1m
2qgURia1oejhtngnt3cpUXyiKyguaTjEKQPQcmd5pump,6.533485632550089e-06,6.533485632550089e-06,6.533485632550089e-06,6.533485632550089e-06,1m,1759806360,0.0,usd,2025-10-07,1m
2qgURia1oejhtngnt3cpUXyiKyguaTjEKQPQcmd5pump,6.533485632550089e-06,6.533485632550089e-06,6.533485632550089e-06,6.533485632550089e-06,1m,1759806420,0.0,usd,2025-10-07,1m
2qgURia1oejhtngnt3cpUXyiKyguaTjEKQPQcmd5pump,6.533485632550089e-06,6.533485632550089e-06,6.533485632550089e-06,6.533485632550089e-06,1m,1759806480,0.0,usd,2025-10-07,1m
2qgURia1oejhtngnt3cpUXyiKyguaTjEKQPQcmd5pump,6.533485632550089e-06,6.533485632550089e-06,6.533485632550089e-06,6.533485632550089e-06,1m,1759806540,0.0,usd,2025-10-07,1m
2qgURia1oejhtngnt3cpUXyiKyguaTjEKQPQcmd5pump,6.533485632550089e-06,6.533485632550089e-06,6.533485632550089e-06,6.533485632550089e-06,1m,1759806600,0.0,usd,2025-10-07,1m
2qgURia1oejhtngnt3cpUXyiKyguaTjEKQPQcmd5pump,6.533485632550089e-06,6.533485632550089e-06,6.533485632550089e-06,6.533485632550089e-06,1m,1759806660,0.0,usd,2025-10-07,1m
2qgURia1oejhtngnt3cpUXyiKyguaTjEKQPQcmd5pump,6.533485632550089e-06,6.533485632550089e-06,6.533485632550089e-06,6.533485632550089e-06,1m,1759806720,0.0,usd,2025-10-07,1m
2qgURia1oejhtngnt3cpUXyiKyguaTjEKQPQcmd5pump,6.533485632550089e-06,6.533485632550089e-06,6.533485632550089e-06,6.533485632550089e-06,1m,1759806780,0.0,usd,2025-10-07,1m
2qgURia1oejhtngnt3cpUXyiKyguaTjEKQPQcmd5pump,6.533485632550089e-06,6.533485632550089e-06,6.533485632550089e-06,6.533485632550089e-06,1m,1759806840,0.0,usd,2025-10-07,1m
2qgURia1oejhtngnt3cpUXyiKyguaTjEKQPQcmd5pump,6.533485632550089e-06,6.533485632550089e-06,6.533485632550089e-06,6.533485632550089e-06,1m,1759806900,0.0,usd,2025-10-07,1m
2qgURia1oejhtngnt3cpUXyiKyguaTjEKQPQcmd5pump,6.533485632550089e-06,6.533485632550089e-06,6.533485632550089e-06,6.533485632550089e-06,1m,1759806960,0.0,usd,2025-10-07,1m
2qgURia1oejhtngnt3cpUXyiKyguaTjEKQPQcmd5pump,6.533485632550089e-06,6.533485632550089e-06,6.533485632550089e-06,6.533485632550089e-06,1m,1759807020,0.0,usd,2025-10-07,1m
2qgURia1oejhtngnt3cpUXyiKyguaTjEKQPQcmd5pump,6.533485632550089e-06,6.533485632550089e-06,6.533485632550089e-06,6.533485632550089e-06,1m,1759807080,0.0,usd,2025-10-07,1m
2qgURia1oejhtngnt3cpUXyiKyguaTjEKQPQcmd5pump,6.533485632550089e-06,6.533485632550089e-06,6.533485632550089e-06,6.533485632550089e-06,1m,1759807140,0.0,usd,2025-10-07,1m
2qgURia1oejhtngnt3cpUXyiKyguaTjEKQPQcmd5pump,6.533485632550089e-06,6.533485632550089e-06,6.533485632550089e-06,6.533485632550089e-06,1m,1759807200,0.0,usd,2025-10-07,1m
2qgURia1oejhtngnt3cpUXyiKyguaTjEKQPQcmd5pump,6.533485632550089e-06,6.533485632550089e-06,6.533485632550089e-06,6.533485632550089e-06,1m,1759807260,0.0,usd,2025-10-07,1m
2qgURia1oejhtngnt3cpUXyiKyguaTjEKQPQcmd5pump,6.533485632550089e-06,6.533485632550089e-06,6.533485632550089e-06,6.533485632550089e-06,1m,1759807320,0.0,usd,2025-10-07,1m
2qgURia1oejhtngnt3cpUXyiKyguaTjEKQPQcmd5pump,6.533485632550089e-06,6.533485632550089e-06,6.533485632550089e-06,6.533485632550089e-06,1m,1759807380,0.0,usd,2025-10-07,1m
2qgURia1oejhtngnt3cpUXyiKyguaTjEKQPQcmd5pump,6.533485632550089e-06,6.533485632550089e-06,6.533485632550089e-06,6.533485632550089e-06,1m,1759807440,0.0,usd,2025-10-07,1m
2qgURia1oejhtngnt3cpUXyiKyguaTjEKQPQcmd5pump,6.533485632550089e-06,6.533485632550089e-06,6.533485632550089e-06,6.533485632550089e-06,1m,1759807500,0.0,usd,2025-10-07,1m
2qgURia1oejhtngnt3cpUXyiKyguaTjEKQPQcmd5pump,6.533485632550089e-06,6.533485632550089e-06,6.533485632550089e-06,6.533485632550089e-06,1m,1759807560,0.0,usd,2025-10-07,1m
2qgURia1oejhtngnt3cpUXyiKyguaTjEKQPQcmd5pump,6.533485632550089e-06,6.533485632550089e-06,6.533485632550089e-06,6.533485632550089e-06,1m,1759807620,0.0,usd,2025-10-07,1m
2qgURia1oejhtngnt3cpUXyiKyguaTjEKQPQcmd5pump,6.533485632550089e-06,6.533485632550089e-06,6.533485632550089e-06,6.533485632550089e-06,1m,1759807680,0.0,usd,2025-10-07,1m
2qgURia1oejhtngnt3cpUXyiKyguaTjEKQPQcmd5pump,6.533485632550089e-06,6.533485632550089e-06,6.533485632550089e-06,6.533485632550089e-06,1m,1759807740,0.0,usd,2025-10-07,1m
2qgURia1oejhtngnt3cpUXyiKyguaTjEKQPQcmd5pump,6.533485632550089e-06,6.533485632550089e-06,6.533485632550089e-06,6.533485632550089e-06,1m,1759807800,0.0,usd,2025-10-07,1m
2qgURia1oejhtngnt3cpUXyiKyguaTjEKQPQcmd5pump,6.533485632550089e-06,6.533485632550089e-06,6.533485632550089e-06,6.533485632550089e-06,1m,1759807860,0.0,usd,2025-10-07,1m
2qgURia1oejhtngnt3cpUXyiKyguaTjEKQPQcmd5pump,6.533485632550089e-06,6.533485632550089e-06,6.533485632550089e-06,6.533485632550089e-06,1m,1759807920,0.0,usd,2025-10-07,1m
2qgURia1oejhtngnt3cpUXyiKyguaTjEKQPQcmd5pump,6.533485632550089e-06,6.533485632550089e-06,6.533485632550089e-06,6.533485632550089e-06,1m,1759807980,0.0,usd,2025-10-07,1m
2qgURia1oejhtngnt3cpUXyiKyguaTjEKQPQcmd5pump,6.533485632550089e-06,6.533485632550089e-06,6.533485632550089e-06,6.533485632550089e-06,1m,1759808040,0.0,usd,2025-10-07,1m
2qgURia1oejhtngnt3cpUXyiKyguaTjEKQPQcmd5pump,6.533485632550089e-06,6.533485632550089e-06,6.533485632550089e-06,6.533485632550089e-06,1m,1759808100,0.0,usd,2025-10-07,1m
2qgURia1oejhtngnt3cpUXyiKyguaTjEKQPQcmd5pump,6.533485632550089e-06,6.533485632550089e-06,6.533485632550089e-06,6.533485632550089e-06,1m,1759808160,0.0,usd,2025-10-07,1m
2qgURia1oejhtngnt3cpUXyiKyguaTjEKQPQcmd5pump,6.533485632550089e-06,6.533485632550089e-06,6.533485632550089e-06,6.533485632550089e-06,1m,1759808220,0.0,usd,2025-10-07,1m
2qgURia1oejhtngnt3cpUXyiKyguaTjEKQPQcmd5pump,6.533485632550089e-06,6.533485632550089e-06,6.533485632550089e-06,6.533485632550089e-06,1m,1759808280,0.0,usd,2025-10-07,1m
2qgURia1oejhtngnt3cpUXyiKyguaTjEKQPQcmd5pump,6.533485632550089e-06,6.533485632550089e-06,6.533485632550089e-06,6.533485632550089e-06,1m,1759808340,0.0,usd,2025-10-07,1m
2qgURia1oejhtngnt3cpUXyiKyguaTjEKQPQcmd5pump,6.533485632550089e-06,6.533485632550089e-06,6.533485632550089e-06,6.533485632550089e-06,1m,1759808400,0.0,usd,2025-10-07,1m
2qgURia1oejhtngnt3cpUXyiKyguaTjEKQPQcmd5pump,6.533485632550089e-06,6.533485632550089e-06,6.533485632550089e-06,6.533485632550089e-06,1m,1759808460,0.0,usd,2025-10-07,1m
2qgURia1oejhtngnt3cpUXyiKyguaTjEKQPQcmd5pump,6.533485632550089e-06,6.533485632550089e-06,6.533485632550089e-06,6.533485632550089e-06,1m,1759808520,0.0,usd,2025-10-07,1m
2qgURia1oejhtngnt3cpUXyiKyguaTjEKQPQcmd5pump,6.533485632550089e-06,6.533485632550089e-06,6.533485632550089e-06,6.533485632550089e-06,1m,1759808580,0.0,usd,2025-10-07,1m
2qgURia1oejhtngnt3cpUXyiKyguaTjEKQPQcmd5pump,6.533485632550089e-06,6.533485632550089e-06,6.533485632550089e-06,6.533485632550089e-06,1m,1759808640,0.0,usd,2025-10-07,1m
2qgURia1oejhtngnt3cpUXyiKyguaTjEKQPQcmd5pump,6.533485632550089e-06,6.533485632550089e-06,6.533485632550089e-06,6.533485632550089e-06,1m,1759808700,0.0,usd,2025-10-07,1m
2qgURia1oejhtngnt3cpUXyiKyguaTjEKQPQcmd5pump,6.533485632550089e-06,6.533485632550089e-06,6.533485632550089e-06,6.533485632550089e-06,1m,1759808760,0.0,usd,2025-10-07,1m
2qgURia1oejhtngnt3cpUXyiKyguaTjEKQPQcmd5pump,6.533485632550089e-06,6.533485632550089e-06,6.533485632550089e-06,6.533485632550089e-06,1m,1759808820,0.0,usd,2025-10-07,1m
2qgURia1oejhtngnt3cpUXyiKyguaTjEKQPQcmd5pump,6.533485632550089e-06,6.533485632550089e-06,6.533485632550089e-06,6.533485632550089e-06,1m,1759808880,0.0,usd,2025-10-07,1m
2qgURia1oejhtngnt3cpUXyiKyguaTjEKQPQcmd5pump,6.533485632550089e-06,6.533485632550089e-06,6.533485632550089e-06,6.533485632550089e-06,1m,1759808940,0.0,usd,2025-10-07,1m
2qgURia1oejhtngnt3cpUXyiKyguaTjEKQPQcmd5pump,6.533485632550089e-06,6.533485632550089e-06,6.533485632550089e-06,6.533485632550089e-06,1m,1759809000,0.0,usd,2025-10-07,1m
2qgURia1oejhtngnt3cpUXyiKyguaTjEKQPQcmd5pump,6.533485632550089e-06,6.533485632550089e-06,6.533485632550089e-06,6.533485632550089e-06,1m,1759809060,0.0,usd,2025-10-07,1m
2qgURia1oejhtngnt3cpUXyiKyguaTjEKQPQcmd5pump,6.533485632550089e-06,6.533485632550089e-06,6.533485632550089e-06,6.533485632550089e-06,1m,1759809120,0.0,usd,2025-10-07,1m
2qgURia1oejhtngnt3cpUXyiKyguaTjEKQPQcmd5pump,6.533485632550089e-06,6.533485632550089e-06,6.533485632550089e-06,6.533485632550089e-06,1m,1759809180,0.0,usd,2025-10-07,1m
2qgURia1oejhtngnt3cpUXyiKyguaTjEKQPQcmd5pump,6.533485632550089e-06,6.533485632550089e-06,6.533485632550089e-06,6.533485632550089e-06,1m,1759809240,0.0,usd,2025-10-07,1m
2qgURia1oejhtngnt3cpUXyiKyguaTjEKQPQcmd5pump,6.533485632550089e-06,6.533485632550089e-06,6.533485632550089e-06,6.533485632550089e-06,1m,1759809300,0.0,usd,2025-10-07,1m
2qgURia1oejhtngnt3cpUXyiKyguaTjEKQPQcmd5pump,6.533485632550089e-06,6.533485632550089e-06,6.533485632550089e-06,6.533485632550089e-06,1m,1759809360,0.0,usd,2025-10-07,1m
2qgURia1oejhtngnt3cpUXyiKyguaTjEKQPQcmd5pump,6.533485632550089e-06,6.533485632550089e-06,6.533485632550089e-06,6.533485632550089e-06,1m,1759809420,0.0,usd,2025-10-07,1m
2qgURia1oejhtngnt3cpUXyiKyguaTjEKQPQcmd5pump,6.533485632550089e-06,6.533485632550089e-06,6.533485632550089e-06,6.533485632550089e-06,1m,1759809480,0.0,usd,2025-10-07,1m
2qgURia1oejhtngnt3cpUXyiKyguaTjEKQPQcmd5pump,6.533485632550089e-06,6.533485632550089e-06,6.533485632550089e-06,6.533485632550089e-06,1m,1759809540,0.0,usd,2025-10-07,1m
2qgURia1oejhtngnt3cpUXyiKyguaTjEKQPQcmd5pump,6.533485632550089e-06,6.533485632550089e-06,6.533485632550089e-06,6.533485632550089e-06,1m,1759809600,0.0,usd,2025-10-07,1m
2qgURia1oejhtngnt3cpUXyiKyguaTjEKQPQcmd5pump,6.533485632550089e-06,6.533485632550089e-06,6.533485632550089e-06,6.533485632550089e-06,1m,1759809660,0.0,usd,2025-10-07,1m
2qgURia1oejhtngnt3cpUXyiKyguaTjEKQPQcmd5pump,6.533485632550089e-06,6.533485632550089e-06,6.533485632550089e-06,6.533485632550089e-06,1m,1759809720,0.0,usd,2025-10-07,1m
2qgURia1oejhtngnt3cpUXyiKyguaTjEKQPQcmd5pump,6.533485632550089e-06,6.533485632550089e-06,6.533485632550089e-06,6.533485632550089e-06,1m,1759809780,0.0,usd,2025-10-07,1m
2qgURia1oejhtngnt3cpUXyiKyguaTjEKQPQcmd5pump,6.533485632550089e-06,6.533485632550089e-06,6.533485632550089e-06,6.533485632550089e-06,1m,1759809840,0.0,usd,2025-10-07,1m
2qgURia1oejhtngnt3cpUXyiKyguaTjEKQPQcmd5pump,6.533485632550089e-06,6.533485632550089e-06,6.533485632550089e-06,6.533485632550089e-06,1m,1759809900,0.0,usd,2025-10-07,1m
2qgURia1oejhtngnt3cpUXyiKyguaTjEKQPQcmd5pump,6.533485632550089e-06,6.533485632550089e-06,6.533485632550089e-06,6.533485632550089e-06,1m,1759809960,0.0,usd,2025-10-07,1m
2qgURia1oejhtngnt3cpUXyiKyguaTjEKQPQcmd5pump,6.533485632550089e-06,6.533485632550089e-06,6.533485632550089e-06,6.533485632550089e-06,1m,1759810020,0.0,usd,2025-10-07,1m
2qgURia1oejhtngnt3cpUXyiKyguaTjEKQPQcmd5pump,6.533485632550089e-06,6.533485632550089e-06,6.533485632550089e-06,6.533485632550089e-06,1m,1759810080,0.0,usd,2025-10-07,1m
2qgURia1oejhtngnt3cpUXyiKyguaTjEKQPQcmd5pump,6.533485632550089e-06,6.533485632550089e-06,6.533485632550089e-06,6.533485632550089e-06,1m,1759810140,0.0,usd,2025-10-07,1m
2qgURia1oejhtngnt3cpUXyiKyguaTjEKQPQcmd5pump,6.533485632550089e-06,6.533485632550089e-06,6.533485632550089e-06,6.533485632550089e-06,1m,1759810200,0.0,usd,2025-10-07,1m
2qgURia1oejhtngnt3cpUXyiKyguaTjEKQPQcmd5pump,6.533485632550089e-06,6.533485632550089e-06,6.533485632550089e-06,6.533485632550089e-06,1m,1759810260,0.0,usd,2025-10-07,1m
2qgURia1oejhtngnt3cpUXyiKyguaTjEKQPQcmd5pump,6.533485632550089e-06,6.533485632550089e-06,6.533485632550089e-06,6.533485632550089e-06,1m,1759810320,0.0,usd,2025-10-07,1m
2qgURia1oejhtngnt3cpUXyiKyguaTjEKQPQcmd5pump,6.533485632550089e-06,6.533485632550089e-06,6.533485632550089e-06,6.533485632550089e-06,1m,1759810380,0.0,usd,2025-10-07,1m
2qgURia1oejhtngnt3cpUXyiKyguaTjEKQPQcmd5pump,6.533485632550089e-06,6.533485632550089e-06,6.533485632550089e-06,6.533485632550089e-06,1m,1759810440,0.0,usd,2025-10-07,1m
2qgURia1oejhtngnt3cpUXyiKyguaTjEKQPQcmd5pump,6.533485632550089e-06,6.533485632550089e-06,6.533485632550089e-06,6.533485632550089e-06,1m,1759810500,0.0,usd,2025-10-07,1m
2qgURia1oejhtngnt3cpUXyiKyguaTjEKQPQcmd5pump,6.533485632550089e-06,6.533485632550089e-06,6.533485632550089e-06,6.533485632550089e-06,1m,1759810560,0.0,usd,2025-10-07,1m
2qgURia1oejhtngnt3cpUXyiKyguaTjEKQPQcmd5pump,6.533485632550089e-06,6.533485632550089e-06,6.533485632550089e-06,6.533485632550089e-06,1m,1759810620,0.0,usd,2025-10-07,1m
2qgURia1oejhtngnt3cpUXyiKyguaTjEKQPQcmd5pump,6.533485632550089e-06,6.533485632550089e-06,6.533485632550089e-06,6.533485632550089e-06,1m,1759810680,0.0,usd,2025-10-07,1m
2qgURia1oejhtngnt3cpUXyiKyguaTjEKQPQcmd5pump,6.533485632550089e-06,6.533485632550089e-06,6.533485632550089e-06,6.533485632550089e-06,1m,1759810740,0.0,usd,2025-10-07,1m
2qgURia1oejhtngnt3cpUXyiKyguaTjEKQPQcmd5pump,6.533485632550089e-06,6.533485632550089e-06,6.533485632550089e-06,6.533485632550089e-06,1m,1759810800,0.0,usd,2025-10-07,1m
2qgURia1oejhtngnt3cpUXyiKyguaTjEKQPQcmd5pump,6.533485632550089e-06,6.533485632550089e-06,6.533485632550089e-06,6.533485632550089e-06,1m,1759810860,0.0,usd,2025-10-07,1m
2qgURia1oejhtngnt3cpUXyiKyguaTjEKQPQcmd5pump,6.533485632550089e-06,6.533485632550089e-06,6.533485632550089e-06,6.533485632550089e-06,1m,1759810920,0.0,usd,2025-10-07,1m
2qgURia1oejhtngnt3cpUXyiKyguaTjEKQPQcmd5pump,6.533485632550089e-06,6.533485632550089e-06,6.533485632550089e-06,6.533485632550089e-06,1m,1759810980,0.0,usd,2025-10-07,1m
2qgURia1oejhtngnt3cpUXyiKyguaTjEKQPQcmd5pump,6.533485632550089e-06,6.533485632550089e-06,6.533485632550089e-06,6.533485632550089e-06,1m,1759811040,0.0,usd,2025-10-07,1m
2qgURia1oejhtngnt3cpUXyiKyguaTjEKQPQcmd5pump,6.533485632550089e-06,6.533485632550089e-06,6.533485632550089e-06,6.533485632550089e-06,1m,1759811100,0.0,usd,2025-10-07,1m
2qgURia1oejhtngnt3cpUXyiKyguaTjEKQPQcmd5pump,6.533485632550089e-06,6.533485632550089e-06,6.533485632550089e-06,6.533485632550089e-06,1m,1759811160,0.0,usd,2025-10-07,1m
2qgURia1oejhtngnt3cpUXyiKyguaTjEKQPQcmd5pump,6.533485632550089e-06,6.533485632550089e-06,6.533485632550089e-06,6.533485632550089e-06,1m,1759811220,0.0,usd,2025-10-07,1m
2qgURia1oejhtngnt3cpUXyiKyguaTjEKQPQcmd5pump,6.533485632550089e-06,6.533485632550089e-06,6.533485632550089e-06,6.533485632550089e-06,1m,1759811280,0.0,usd,2025-10-07,1m
2qgURia1oejhtngnt3cpUXyiKyguaTjEKQPQcmd5pump,6.533485632550089e-06,6.533485632550089e-06,6.533485632550089e-06,6.533485632550089e-06,1m,1759811340,0.0,usd,2025-10-07,1m
2qgURia1oejhtngnt3cpUXyiKyguaTjEKQPQcmd5pump,6.533485632550089e-06,6.533485632550089e-06,6.533485632550089e-06,6.533485632550089e-06,1m,1759811400,0.0,usd,2025-10-07,1m
2qgURia1oejhtngnt3cpUXyiKyguaTjEKQPQcmd5pump,6.533485632550089e-06,6.533485632550089e-06,6.533485632550089e-06,6.533485632550089e-06,1m,1759811460,0.0,usd,2025-10-07,1m
2qgURia1oejhtngnt3cpUXyiKyguaTjEKQPQcmd5pump,6.533485632550089e-06,6.533485632550089e-06,6.533485632550089e-06,6.533485632550089e-06,1m,1759811520,0.0,usd,2025-10-07,1m
2qgURia1oejhtngnt3cpUXyiKyguaTjEKQPQcmd5pump,6.533485632550089e-06,6.533485632550089e-06,6.533485632550089e-06,6.533485632550089e-06,1m,1759811580,0.0,usd,2025-10-07,1m
2qgURia1oejhtngnt3cpUXyiKyguaTjEKQPQcmd5pump,6.533485632550089e-06,6.533485632550089e-06,6.533485632550089e-06,6.533485632550089e-06,1m,1759811640,0.0,usd,2025-10-07,1m
2qgURia1oejhtngnt3cpUXyiKyguaTjEKQPQcmd5pump,6.533485632550089e-06,6.533485632550089e-06,6.533485632550089e-06,6.533485632550089e-06,1m,1759811700,0.0,usd,2025-10-07,1m
2qgURia1oejhtngnt3cpUXyiKyguaTjEKQPQcmd5pump,6.533485632550089e-06,6.533485632550089e-06,6.533485632550089e-06,6.533485632550089e-06,1m,1759811760,0.0,usd,2025-10-07,1m
2qgURia1oejhtngnt3cpUXyiKyguaTjEKQPQcmd5pump,6.533485632550089e-06,6.533485632550089e-06,6.533485632550089e-06,6.533485632550089e-06,1m,1759811820,0.0,usd,2025-10-07,1m
2qgURia1oejhtngnt3cpUXyiKyguaTjEKQPQcmd5pump,6.533485632550089e-06,6.533485632550089e-06,6.533485632550089e-06,6.533485632550089e-06,1m,1759811880,0.0,usd,2025-10-07,1m
2qgURia1oejhtngnt3cpUXyiKyguaTjEKQPQcmd5pump,6.533485632550089e-06,6.533485632550089e-06,6.533485632550089e-06,6.533485632550089e-06,1m,1759811940,0.0,usd,2025-10-07,1m
2qgURia1oejhtngnt3cpUXyiKyguaTjEKQPQcmd5pump,6.533485632550089e-06,6.533485632550089e-06,6.533485632550089e-06,6.533485632550089e-06,1m,1759812000,0.0,usd,2025-10-07,1m
2qgURia1oejhtngnt3cpUXyiKyguaTjEKQPQcmd5pump,6.533485632550089e-06,6.533485632550089e-06,6.533485632550089e-06,6.533485632550089e-06,1m,1759812060,0.0,usd,2025-10-07,1m
2qgURia1oejhtngnt3cpUXyiKyguaTjEKQPQcmd5pump,6.533485632550089e-06,6.533485632550089e-06,6.533485632550089e-06,6.533485632550089e-06,1m,1759812120,0.0,usd,2025-10-07,1m
2qgURia1oejhtngnt3cpUXyiKyguaTjEKQPQcmd5pump,6.533485632550089e-06,6.533485632550089e-06,6.533485632550089e-06,6.533485632550089e-06,1m,1759812180,0.0,usd,2025-10-07,1m
2qgURia1oejhtngnt3cpUXyiKyguaTjEKQPQcmd5pump,6.533485632550089e-06,6.533485632550089e-06,6.533485632550089e-06,6.533485632550089e-06,1m,1759812240,0.0,usd,2025-10-07,1m
2qgURia1oejhtngnt3cpUXyiKyguaTjEKQPQcmd5pump,6.533485632550089e-06,6.533485632550089e-06,6.533485632550089e-06,6.533485632550089e-06,1m,1759812300,0.0,usd,2025-10-07,1m
2qgURia1oejhtngnt3cpUXyiKyguaTjEKQPQcmd5pump,6.533485632550089e-06,6.533485632550089e-06,6.533485632550089e-06,6.533485632550089e-06,1m,1759812360,0.0,usd,2025-10-07,1m
2qgURia1oejhtngnt3cpUXyiKyguaTjEKQPQcmd5pump,6.533485632550089e-06,6.533485632550089e-06,6.533485632550089e-06,6.533485632550089e-06,1m,1759812420,0.0,usd,2025-10-07,1m
2qgURia1oejhtngnt3cpUXyiKyguaTjEKQPQcmd5pump,6.533485632550089e-06,6.533485632550089e-06,6.533485632550089e-06,6.533485632550089e-06,1m,1759812480,0.0,usd,2025-10-07,1m
2qgURia1oejhtngnt3cpUXyiKyguaTjEKQPQcmd5pump,6.533485632550089e-06,6.533485632550089e-06,6.533485632550089e-06,6.533485632550089e-06,1m,1759812540,0.0,usd,2025-10-07,1m
2qgURia1oejhtngnt3cpUXyiKyguaTjEKQPQcmd5pump,6.533485632550089e-06,6.533485632550089e-06,6.533485632550089e-06,6.533485632550089e-06,1m,1759812600,0.0,usd,2025-10-07,1m
2qgURia1oejhtngnt3cpUXyiKyguaTjEKQPQcmd5pump,6.533485632550089e-06,6.533485632550089e-06,6.533485632550089e-06,6.533485632550089e-06,1m,1759812660,0.0,usd,2025-10-07,1m
2qgURia1oejhtngnt3cpUXyiKyguaTjEKQPQcmd5pump,6.533485632550089e-06,6.533485632550089e-06,6.533485632550089e-06,6.533485632550089e-06,1m,1759812720,0.0,usd,2025-10-07,1m
2qgURia1oejhtngnt3cpUXyiKyguaTjEKQPQcmd5pump,6.533485632550089e-06,6.533485632550089e-06,6.533485632550089e-06,6.533485632550089e-06,1m,1759812780,0.0,usd,2025-10-07,1m
2qgURia1oejhtngnt3cpUXyiKyguaTjEKQPQcmd5pump,6.533485632550089e-06,6.533485632550089e-06,6.533485632550089e-06,6.533485632550089e-06,1m,1759812840,0.0,usd,2025-10-07,1m
2qgURia1oejhtngnt3cpUXyiKyguaTjEKQPQcmd5pump,6.533485632550089e-06,6.533485632550089e-06,6.533485632550089e-06,6.533485632550089e-06,1m,1759812900,0.0,usd,2025-10-07,1m
2qgURia1oejhtngnt3cpUXyiKyguaTjEKQPQcmd5pump,6.533485632550089e-06,6.533485632550089e-06,6.533485632550089e-06,6.533485632550089e-06,1m,1759812960,0.0,usd,2025-10-07,1m
2qgURia1oejhtngnt3cpUXyiKyguaTjEKQPQcmd5pump,6.533485632550089e-06,6.533485632550089e-06,6.533485632550089e-06,6.533485632550089e-06,1m,1759813020,0.0,usd,2025-10-07,1m
2qgURia1oejhtngnt3cpUXyiKyguaTjEKQPQcmd5pump,6.533485632550089e-06,6.533485632550089e-06,6.533485632550089e-06,6.533485632550089e-06,1m,1759813080,0.0,usd,2025-10-07,1m
2qgURia1oejhtngnt3cpUXyiKyguaTjEKQPQcmd5pump,6.533485632550089e-06,6.533485632550089e-06,6.533485632550089e-06,6.533485632550089e-06,1m,1759813140,0.0,usd,2025-10-07,1m
2qgURia1oejhtngnt3cpUXyiKyguaTjEKQPQcmd5pump,6.533485632550089e-06,6.533485632550089e-06,6.533485632550089e-06,6.533485632550089e-06,1m,1759813200,0.0,usd,2025-10-07,1m
2qgURia1oejhtngnt3cpUXyiKyguaTjEKQPQcmd5pump,6.533485632550089e-06,6.533485632550089e-06,6.533485632550089e-06,6.533485632550089e-06,1m,1759813260,0.0,usd,2025-10-07,1m
2qgURia1oejhtngnt3cpUXyiKyguaTjEKQPQcmd5pump,6.533485632550089e-06,6.533485632550089e-06,6.533485632550089e-06,6.533485632550089e-06,1m,1759813320,0.0,usd,2025-10-07,1m
2qgURia1oejhtngnt3cpUXyiKyguaTjEKQPQcmd5pump,6.533485632550089e-06,6.533485632550089e-06,6.533485632550089e-06,6.533485632550089e-06,1m,1759813380,0.0,usd,2025-10-07,1m
2qgURia1oejhtngnt3cpUXyiKyguaTjEKQPQcmd5pump,6.533485632550089e-06,6.533485632550089e-06,6.533485632550089e-06,6.533485632550089e-06,1m,1759813440,0.0,usd,2025-10-07,1m
2qgURia1oejhtngnt3cpUXyiKyguaTjEKQPQcmd5pump,6.533485632550089e-06,6.533485632550089e-06,6.533485632550089e-06,6.533485632550089e-06,1m,1759813500,0.0,usd,2025-10-07,1m
2qgURia1oejhtngnt3cpUXyiKyguaTjEKQPQcmd5pump,6.533485632550089e-06,6.533485632550089e-06,6.533485632550089e-06,6.533485632550089e-06,1m,1759813560,0.0,usd,2025-10-07,1m
2qgURia1oejhtngnt3cpUXyiKyguaTjEKQPQcmd5pump,6.533485632550089e-06,6.533485632550089e-06,6.533485632550089e-06,6.533485632550089e-06,1m,1759813620,0.0,usd,2025-10-07,1m
2qgURia1oejhtngnt3cpUXyiKyguaTjEKQPQcmd5pump,6.533485632550089e-06,6.533485632550089e-06,6.533485632550089e-06,6.533485632550089e-06,1m,1759813680,0.0,usd,2025-10-07,1m
2qgURia1oejhtngnt3cpUXyiKyguaTjEKQPQcmd5pump,6.533485632550089e-06,6.533485632550089e-06,6.533485632550089e-06,6.533485632550089e-06,1m,1759813740,0.0,usd,2025-10-07,1m
2qgURia1oejhtngnt3cpUXyiKyguaTjEKQPQcmd5pump,6.533485632550089e-06,6.533485632550089e-06,6.533485632550089e-06,6.533485632550089e-06,1m,1759813800,0.0,usd,2025-10-07,1m
2qgURia1oejhtngnt3cpUXyiKyguaTjEKQPQcmd5pump,6.533485632550089e-06,6.533485632550089e-06,6.533485632550089e-06,6.533485632550089e-06,1m,1759813860,0.0,usd,2025-10-07,1m
2qgURia1oejhtngnt3cpUXyiKyguaTjEKQPQcmd5pump,6.533485632550089e-06,6.533485632550089e-06,6.533485632550089e-06,6.533485632550089e-06,1m,1759813920,0.0,usd,2025-10-07,1m
2qgURia1oejhtngnt3cpUXyiKyguaTjEKQPQcmd5pump,6.533485632550089e-06,6.533485632550089e-06,6.533485632550089e-06,6.533485632550089e-06,1m,1759813980,0.0,usd,2025-10-07,1m
2qgURia1oejhtngnt3cpUXyiKyguaTjEKQPQcmd5pump,6.533485632550089e-06,6.533485632550089e-06,6.533485632550089e-06,6.533485632550089e-06,1m,1759814040,0.0,usd,2025-10-07,1m
2qgURia1oejhtngnt3cpUXyiKyguaTjEKQPQcmd5pump,6.533485632550089e-06,6.533485632550089e-06,6.533485632550089e-06,6.533485632550089e-06,1m,1759814100,0.0,usd,2025-10-07,1m
2qgURia1oejhtngnt3cpUXyiKyguaTjEKQPQcmd5pump,6.533485632550089e-06,6.533485632550089e-06,6.533485632550089e-06,6.533485632550089e-06,1m,1759814160,0.0,usd,2025-10-07,1m
2qgURia1oejhtngnt3cpUXyiKyguaTjEKQPQcmd5pump,6.533485632550089e-06,6.533485632550089e-06,6.533485632550089e-06,6.533485632550089e-06,1m,1759814220,0.0,usd,2025-10-07,1m
2qgURia1oejhtngnt3cpUXyiKyguaTjEKQPQcmd5pump,6.533485632550089e-06,6.533485632550089e-06,6.533485632550089e-06,6.533485632550089e-06,1m,1759814280,0.0,usd,2025-10-07,1m
2qgURia1oejhtngnt3cpUXyiKyguaTjEKQPQcmd5pump,6.533485632550089e-06,6.533485632550089e-06,6.533485632550089e-06,6.533485632550089e-06,1m,1759814340,0.0,usd,2025-10-07,1m
2qgURia1oejhtngnt3cpUXyiKyguaTjEKQPQcmd5pump,6.533485632550089e-06,6.533485632550089e-06,6.533485632550089e-06,6.533485632550089e-06,1m,1759814400,0.0,usd,2025-10-07,1m
2qgURia1oejhtngnt3cpUXyiKyguaTjEKQPQcmd5pump,6.533485632550089e-06,6.533485632550089e-06,6.533485632550089e-06,6.533485632550089e-06,1m,1759814460,0.0,usd,2025-10-07,1m
2qgURia1oejhtngnt3cpUXyiKyguaTjEKQPQcmd5pump,6.533485632550089e-06,6.533485632550089e-06,6.533485632550089e-06,6.533485632550089e-06,1m,1759814520,0.0,usd,2025-10-07,1m
2qgURia1oejhtngnt3cpUXyiKyguaTjEKQPQcmd5pump,6.533485632550089e-06,6.533485632550089e-06,6.533485632550089e-06,6.533485632550089e-06,1m,1759814580,0.0,usd,2025-10-07,1m
2qgURia1oejhtngnt3cpUXyiKyguaTjEKQPQcmd5pump,6.533485632550089e-06,6.533485632550089e-06,6.533485632550089e-06,6.533485632550089e-06,1m,1759814640,0.0,usd,2025-10-07,1m
2qgURia1oejhtngnt3cpUXyiKyguaTjEKQPQcmd5pump,6.533485632550089e-06,6.533485632550089e-06,6.533485632550089e-06,6.533485632550089e-06,1m,1759814700,0.0,usd,2025-10-07,1m
2qgURia1oejhtngnt3cpUXyiKyguaTjEKQPQcmd5pump,6.533485632550089e-06,6.533485632550089e-06,6.533485632550089e-06,6.533485632550089e-06,1m,1759814760,0.0,usd,2025-10-07,1m
2qgURia1oejhtngnt3cpUXyiKyguaTjEKQPQcmd5pump,6.533485632550089e-06,6.533485632550089e-06,6.533485632550089e-06,6.533485632550089e-06,1m,1759814820,0.0,usd,2025-10-07,1m
2qgURia1oejhtngnt3cpUXyiKyguaTjEKQPQcmd5pump,6.533485632550089e-06,6.533485632550089e-06,6.533485632550089e-06,6.533485632550089e-06,1m,1759814880,0.0,usd,2025-10-07,1m
2qgURia1oejhtngnt3cpUXyiKyguaTjEKQPQcmd5pump,6.533485632550089e-06,6.533485632550089e-06,6.533485632550089e-06,6.533485632550089e-06,1m,1759814940,0.0,usd,2025-10-07,1m
2qgURia1oejhtngnt3cpUXyiKyguaTjEKQPQcmd5pump,6.533485632550089e-06,6.533485632550089e-06,6.533485632550089e-06,6.533485632550089e-06,1m,1759815000,0.0,usd,2025-10-07,1m
2qgURia1oejhtngnt3cpUXyiKyguaTjEKQPQcmd5pump,6.533485632550089e-06,6.533485632550089e-06,6.533485632550089e-06,6.533485632550089e-06,1m,1759815060,0.0,usd,2025-10-07,1m
2qgURia1oejhtngnt3cpUXyiKyguaTjEKQPQcmd5pump,6.533485632550089e-06,6.533485632550089e-06,6.533485632550089e-06,6.533485632550089e-06,1m,1759815120,0.0,usd,2025-10-07,1m
2qgURia1oejhtngnt3cpUXyiKyguaTjEKQPQcmd5pump,6.533485632550089e-06,6.533485632550089e-06,6.533485632550089e-06,6.533485632550089e-06,1m,1759815180,0.0,usd,2025-10-07,1m
2qgURia1oejhtngnt3cpUXyiKyguaTjEKQPQcmd5pump,6.533485632550089e-06,6.533485632550089e-06,6.533485632550089e-06,6.533485632550089e-06,1m,1759815240,0.0,usd,2025-10-07,1m
2qgURia1oejhtngnt3cpUXyiKyguaTjEKQPQcmd5pump,6.533485632550089e-06,6.533485632550089e-06,6.533485632550089e-06,6.533485632550089e-06,1m,1759815300,0.0,usd,2025-10-07,1m
2qgURia1oejhtngnt3cpUXyiKyguaTjEKQPQcmd5pump,6.533485632550089e-06,6.533485632550089e-06,6.533485632550089e-06,6.533485632550089e-06,1m,1759815360,0.0,usd,2025-10-07,1m
2qgURia1oejhtngnt3cpUXyiKyguaTjEKQPQcmd5pump,6.533485632550089e-06,6.533485632550089e-06,6.533485632550089e-06,6.533485632550089e-06,1m,1759815420,0.0,usd,2025-10-07,1m
2qgURia1oejhtngnt3cpUXyiKyguaTjEKQPQcmd5pump,6.533485632550089e-06,6.533485632550089e-06,6.533485632550089e-06,6.533485632550089e-06,1m,1759815480,0.0,usd,2025-10-07,1m
2qgURia1oejhtngnt3cpUXyiKyguaTjEKQPQcmd5pump,6.533485632550089e-06,6.533485632550089e-06,6.533485632550089e-06,6.533485632550089e-06,1m,1759815540,0.0,usd,2025-10-07,1m
2qgURia1oejhtngnt3cpUXyiKyguaTjEKQPQcmd5pump,6.533485632550089e-06,6.533485632550089e-06,6.533485632550089e-06,6.533485632550089e-06,1m,1759815600,0.0,usd,2025-10-07,1m
2qgURia1oejhtngnt3cpUXyiKyguaTjEKQPQcmd5pump,6.533485632550089e-06,6.533485632550089e-06,6.533485632550089e-06,6.533485632550089e-06,1m,1759815660,0.0,usd,2025-10-07,1m
2qgURia1oejhtngnt3cpUXyiKyguaTjEKQPQcmd5pump,6.533485632550089e-06,6.533485632550089e-06,6.533485632550089e-06,6.533485632550089e-06,1m,1759815720,0.0,usd,2025-10-07,1m
2qgURia1oejhtngnt3cpUXyiKyguaTjEKQPQcmd5pump,6.533485632550089e-06,6.533485632550089e-06,6.533485632550089e-06,6.533485632550089e-06,1m,1759815780,0.0,usd,2025-10-07,1m
2qgURia1oejhtngnt3cpUXyiKyguaTjEKQPQcmd5pump,6.533485632550089e-06,6.533485632550089e-06,6.533485632550089e-06,6.533485632550089e-06,1m,1759815840,0.0,usd,2025-10-07,1m
2qgURia1oejhtngnt3cpUXyiKyguaTjEKQPQcmd5pump,6.533485632550089e-06,6.533485632550089e-06,6.533485632550089e-06,6.533485632550089e-06,1m,1759815900,0.0,usd,2025-10-07,1m
2qgURia1oejhtngnt3cpUXyiKyguaTjEKQPQcmd5pump,6.533485632550089e-06,6.533485632550089e-06,6.533485632550089e-06,6.533485632550089e-06,1m,1759815960,0.0,usd,2025-10-07,1m
2qgURia1oejhtngnt3cpUXyiKyguaTjEKQPQcmd5pump,6.533485632550089e-06,6.533485632550089e-06,6.533485632550089e-06,6.533485632550089e-06,1m,1759816020,0.0,usd,2025-10-07,1m
2qgURia1oejhtngnt3cpUXyiKyguaTjEKQPQcmd5pump,6.533485632550089e-06,6.533485632550089e-06,6.533485632550089e-06,6.533485632550089e-06,1m,1759816080,0.0,usd,2025-10-07,1m
2qgURia1oejhtngnt3cpUXyiKyguaTjEKQPQcmd5pump,6.533485632550089e-06,6.533485632550089e-06,6.533485632550089e-06,6.533485632550089e-06,1m,1759816140,0.0,usd,2025-10-07,1m
2qgURia1oejhtngnt3cpUXyiKyguaTjEKQPQcmd5pump,6.533485632550089e-06,6.533485632550089e-06,6.533485632550089e-06,6.533485632550089e-06,1m,1759816200,0.0,usd,2025-10-07,1m
2qgURia1oejhtngnt3cpUXyiKyguaTjEKQPQcmd5pump,6.533485632550089e-06,6.533485632550089e-06,6.533485632550089e-06,6.533485632550089e-06,1m,1759816260,0.0,usd,2025-10-07,1m
2qgURia1oejhtngnt3cpUXyiKyguaTjEKQPQcmd5pump,6.533485632550089e-06,6.533485632550089e-06,6.533485632550089e-06,6.533485632550089e-06,1m,1759816320,0.0,usd,2025-10-07,1m
2qgURia1oejhtngnt3cpUXyiKyguaTjEKQPQcmd5pump,6.533485632550089e-06,6.533485632550089e-06,6.533485632550089e-06,6.533485632550089e-06,1m,1759816380,0.0,usd,2025-10-07,1m
2qgURia1oejhtngnt3cpUXyiKyguaTjEKQPQcmd5pump,6.533485632550089e-06,6.533485632550089e-06,6.533485632550089e-06,6.533485632550089e-06,1m,1759816440,0.0,usd,2025-10-07,1m
2qgURia1oejhtngnt3cpUXyiKyguaTjEKQPQcmd5pump,6.533485632550089e-06,6.533485632550089e-06,6.533485632550089e-06,6.533485632550089e-06,1m,1759816500,0.0,usd,2025-10-07,1m
2qgURia1oejhtngnt3cpUXyiKyguaTjEKQPQcmd5pump,6.533485632550089e-06,6.533485632550089e-06,6.533485632550089e-06,6.533485632550089e-06,1m,1759816560,0.0,usd,2025-10-07,1m
2qgURia1oejhtngnt3cpUXyiKyguaTjEKQPQcmd5pump,6.533485632550089e-06,6.533485632550089e-06,6.533485632550089e-06,6.533485632550089e-06,1m,1759816620,0.0,usd,2025-10-07,1m
2qgURia1oejhtngnt3cpUXyiKyguaTjEKQPQcmd5pump,6.533485632550089e-06,6.533485632550089e-06,6.533485632550089e-06,6.533485632550089e-06,1m,1759816680,0.0,usd,2025-10-07,1m
2qgURia1oejhtngnt3cpUXyiKyguaTjEKQPQcmd5pump,6.533485632550089e-06,6.533485632550089e-06,6.533485632550089e-06,6.533485632550089e-06,1m,1759816740,0.0,usd,2025-10-07,1m
2qgURia1oejhtngnt3cpUXyiKyguaTjEKQPQcmd5pump,6.533485632550089e-06,6.533485632550089e-06,6.533485632550089e-06,6.533485632550089e-06,1m,1759816800,0.0,usd,2025-10-07,1m
2qgURia1oejhtngnt3cpUXyiKyguaTjEKQPQcmd5pump,6.533485632550089e-06,6.533485632550089e-06,6.533485632550089e-06,6.533485632550089e-06,1m,1759816860,0.0,usd,2025-10-07,1m
2qgURia1oejhtngnt3cpUXyiKyguaTjEKQPQcmd5pump,6.533485632550089e-06,6.533485632550089e-06,6.533485632550089e-06,6.533485632550089e-06,1m,1759816920,0.0,usd,2025-10-07,1m
2qgURia1oejhtngnt3cpUXyiKyguaTjEKQPQcmd5pump,6.533485632550089e-06,6.533485632550089e-06,6.533485632550089e-06,6.533485632550089e-06,1m,1759816980,0.0,usd,2025-10-07,1m
2qgURia1oejhtngnt3cpUXyiKyguaTjEKQPQcmd5pump,6.533485632550089e-06,6.533485632550089e-06,6.533485632550089e-06,6.533485632550089e-06,1m,1759817040,0.0,usd,2025-10-07,1m
2qgURia1oejhtngnt3cpUXyiKyguaTjEKQPQcmd5pump,6.533485632550089e-06,6.533485632550089e-06,6.533485632550089e-06,6.533485632550089e-06,1m,1759817100,0.0,usd,2025-10-07,1m
2qgURia1oejhtngnt3cpUXyiKyguaTjEKQPQcmd5pump,6.533485632550089e-06,6.533485632550089e-06,6.533485632550089e-06,6.533485632550089e-06,1m,1759817160,0.0,usd,2025-10-07,1m
2qgURia1oejhtngnt3cpUXyiKyguaTjEKQPQcmd5pump,6.533485632550089e-06,6.533485632550089e-06,6.533485632550089e-06,6.533485632550089e-06,1m,1759817220,0.0,usd,2025-10-07,1m
2qgURia1oejhtngnt3cpUXyiKyguaTjEKQPQcmd5pump,6.533485632550089e-06,6.533485632550089e-06,6.533485632550089e-06,6.533485632550089e-06,1m,1759817280,0.0,usd,2025-10-07,1m
2qgURia1oejhtngnt3cpUXyiKyguaTjEKQPQcmd5pump,6.533485632550089e-06,6.533485632550089e-06,6.533485632550089e-06,6.533485632550089e-06,1m,1759817340,0.0,usd,2025-10-07,1m
2qgURia1oejhtngnt3cpUXyiKyguaTjEKQPQcmd5pump,6.533485632550089e-06,6.533485632550089e-06,6.533485632550089e-06,6.533485632550089e-06,1m,1759817400,0.0,usd,2025-10-07,1m
2qgURia1oejhtngnt3cpUXyiKyguaTjEKQPQcmd5pump,6.533485632550089e-06,6.533485632550089e-06,6.533485632550089e-06,6.533485632550089e-06,1m,1759817460,0.0,usd,2025-10-07,1m
2qgURia1oejhtngnt3cpUXyiKyguaTjEKQPQcmd5pump,6.533485632550089e-06,6.533485632550089e-06,6.533485632550089e-06,6.533485632550089e-06,1m,1759817520,0.0,usd,2025-10-07,1m
2qgURia1oejhtngnt3cpUXyiKyguaTjEKQPQcmd5pump,6.533485632550089e-06,6.533485632550089e-06,6.533485632550089e-06,6.533485632550089e-06,1m,1759817580,0.0,usd,2025-10-07,1m
2qgURia1oejhtngnt3cpUXyiKyguaTjEKQPQcmd5pump,6.533485632550089e-06,6.533485632550089e-06,6.533485632550089e-06,6.533485632550089e-06,1m,1759817640,0.0,usd,2025-10-07,1m
2qgURia1oejhtngnt3cpUXyiKyguaTjEKQPQcmd5pump,6.533485632550089e-06,6.533485632550089e-06,6.533485632550089e-06,6.533485632550089e-06,1m,1759817700,0.0,usd,2025-10-07,1m
2qgURia1oejhtngnt3cpUXyiKyguaTjEKQPQcmd5pump,6.533485632550089e-06,6.533485632550089e-06,6.533485632550089e-06,6.533485632550089e-06,1m,1759817760,0.0,usd,2025-10-07,1m
2qgURia1oejhtngnt3cpUXyiKyguaTjEKQPQcmd5pump,6.533485632550089e-06,6.533485632550089e-06,6.533485632550089e-06,6.533485632550089e-06,1m,1759817820,0.0,usd,2025-10-07,1m
2qgURia1oejhtngnt3cpUXyiKyguaTjEKQPQcmd5pump,6.533485632550089e-06,6.533485632550089e-06,6.533485632550089e-06,6.533485632550089e-06,1m,1759817880,0.0,usd,2025-10-07,1m
2qgURia1oejhtngnt3cpUXyiKyguaTjEKQPQcmd5pump,6.533485632550089e-06,6.533485632550089e-06,6.533485632550089e-06,6.533485632550089e-06,1m,1759817940,0.0,usd,2025-10-07,1m
2qgURia1oejhtngnt3cpUXyiKyguaTjEKQPQcmd5pump,6.533485632550089e-06,6.533485632550089e-06,6.533485632550089e-06,6.533485632550089e-06,1m,1759818000,0.0,usd,2025-10-07,1m
2qgURia1oejhtngnt3cpUXyiKyguaTjEKQPQcmd5pump,6.533485632550089e-06,6.533485632550089e-06,6.533485632550089e-06,6.533485632550089e-06,1m,1759818060,0.0,usd,2025-10-07,1m
2qgURia1oejhtngnt3cpUXyiKyguaTjEKQPQcmd5pump,6.533485632550089e-06,6.533485632550089e-06,6.533485632550089e-06,6.533485632550089e-06,1m,1759818120,0.0,usd,2025-10-07,1m
2qgURia1oejhtngnt3cpUXyiKyguaTjEKQPQcmd5pump,6.533485632550089e-06,6.533485632550089e-06,6.533485632550089e-06,6.533485632550089e-06,1m,1759818180,0.0,usd,2025-10-07,1m
2qgURia1oejhtngnt3cpUXyiKyguaTjEKQPQcmd5pump,6.533485632550089e-06,6.533485632550089e-06,6.533485632550089e-06,6.533485632550089e-06,1m,1759818240,0.0,usd,2025-10-07,1m
2qgURia1oejhtngnt3cpUXyiKyguaTjEKQPQcmd5pump,6.533485632550089e-06,6.533485632550089e-06,6.533485632550089e-06,6.533485632550089e-06,1m,1759818300,0.0,usd,2025-10-07,1m
2qgURia1oejhtngnt3cpUXyiKyguaTjEKQPQcmd5pump,6.533485632550089e-06,6.533485632550089e-06,6.533485632550089e-06,6.533485632550089e-06,1m,1759818360,0.0,usd,2025-10-07,1m
2qgURia1oejhtngnt3cpUXyiKyguaTjEKQPQcmd5pump,6.533485632550089e-06,6.533485632550089e-06,6.533485632550089e-06,6.533485632550089e-06,1m,1759818420,0.0,usd,2025-10-07,1m
2qgURia1oejhtngnt3cpUXyiKyguaTjEKQPQcmd5pump,6.533485632550089e-06,6.533485632550089e-06,6.533485632550089e-06,6.533485632550089e-06,1m,1759818480,0.0,usd,2025-10-07,1m
2qgURia1oejhtngnt3cpUXyiKyguaTjEKQPQcmd5pump,6.533485632550089e-06,6.533485632550089e-06,6.533485632550089e-06,6.533485632550089e-06,1m,1759818540,0.0,usd,2025-10-07,1m
2qgURia1oejhtngnt3cpUXyiKyguaTjEKQPQcmd5pump,6.533485632550089e-06,6.533485632550089e-06,6.533485632550089e-06,6.533485632550089e-06,1m,1759818600,0.0,usd,2025-10-07,1m
2qgURia1oejhtngnt3cpUXyiKyguaTjEKQPQcmd5pump,6.533485632550089e-06,6.533485632550089e-06,6.533485632550089e-06,6.533485632550089e-06,1m,1759818660,0.0,usd,2025-10-07,1m
2qgURia1oejhtngnt3cpUXyiKyguaTjEKQPQcmd5pump,6.533485632550089e-06,6.533485632550089e-06,6.533485632550089e-06,6.533485632550089e-06,1m,1759818720,0.0,usd,2025-10-07,1m
2qgURia1oejhtngnt3cpUXyiKyguaTjEKQPQcmd5pump,6.533485632550089e-06,6.533485632550089e-06,6.533485632550089e-06,6.533485632550089e-06,1m,1759818780,0.0,usd,2025-10-07,1m
2qgURia1oejhtngnt3cpUXyiKyguaTjEKQPQcmd5pump,6.533485632550089e-06,6.533485632550089e-06,6.533485632550089e-06,6.533485632550089e-06,1m,1759818840,0.0,usd,2025-10-07,1m
2qgURia1oejhtngnt3cpUXyiKyguaTjEKQPQcmd5pump,6.533485632550089e-06,6.533485632550089e-06,6.533485632550089e-06,6.533485632550089e-06,1m,1759818900,0.0,usd,2025-10-07,1m
2qgURia1oejhtngnt3cpUXyiKyguaTjEKQPQcmd5pump,6.533485632550089e-06,6.533485632550089e-06,6.533485632550089e-06,6.533485632550089e-06,1m,1759818960,0.0,usd,2025-10-07,1m
2qgURia1oejhtngnt3cpUXyiKyguaTjEKQPQcmd5pump,6.533485632550089e-06,6.533485632550089e-06,6.533485632550089e-06,6.533485632550089e-06,1m,1759819020,0.0,usd,2025-10-07,1m
2qgURia1oejhtngnt3cpUXyiKyguaTjEKQPQcmd5pump,6.533485632550089e-06,6.533485632550089e-06,6.533485632550089e-06,6.533485632550089e-06,1m,1759819080,0.0,usd,2025-10-07,1m
2qgURia1oejhtngnt3cpUXyiKyguaTjEKQPQcmd5pump,6.533485632550089e-06,6.533485632550089e-06,6.533485632550089e-06,6.533485632550089e-06,1m,1759819140,0.0,usd,2025-10-07,1m
2qgURia1oejhtngnt3cpUXyiKyguaTjEKQPQcmd5pump,6.533485632550089e-06,6.533485632550089e-06,6.533485632550089e-06,6.533485632550089e-06,1m,1759819200,0.0,usd,2025-10-07,1m
2qgURia1oejhtngnt3cpUXyiKyguaTjEKQPQcmd5pump,6.533485632550089e-06,6.533485632550089e-06,6.533485632550089e-06,6.533485632550089e-06,1m,1759819260,0.0,usd,2025-10-07,1m
2qgURia1oejhtngnt3cpUXyiKyguaTjEKQPQcmd5pump,6.533485632550089e-06,6.533485632550089e-06,6.533485632550089e-06,6.533485632550089e-06,1m,1759819320,0.0,usd,2025-10-07,1m
2qgURia1oejhtngnt3cpUXyiKyguaTjEKQPQcmd5pump,6.533485632550089e-06,6.533485632550089e-06,6.533485632550089e-06,6.533485632550089e-06,1m,1759819380,0.0,usd,2025-10-07,1m
2qgURia1oejhtngnt3cpUXyiKyguaTjEKQPQcmd5pump,6.533485632550089e-06,6.533485632550089e-06,6.533485632550089e-06,6.533485632550089e-06,1m,1759819440,0.0,usd,2025-10-07,1m
2qgURia1oejhtngnt3cpUXyiKyguaTjEKQPQcmd5pump,6.533485632550089e-06,6.533485632550089e-06,6.533485632550089e-06,6.533485632550089e-06,1m,1759819500,0.0,usd,2025-10-07,1m
2qgURia1oejhtngnt3cpUXyiKyguaTjEKQPQcmd5pump,6.533485632550089e-06,6.533485632550089e-06,6.533485632550089e-06,6.533485632550089e-06,1m,1759819560,0.0,usd,2025-10-07,1m
2qgURia1oejhtngnt3cpUXyiKyguaTjEKQPQcmd5pump,6.533485632550089e-06,6.533485632550089e-06,6.533485632550089e-06,6.533485632550089e-06,1m,1759819620,0.0,usd,2025-10-07,1m
2qgURia1oejhtngnt3cpUXyiKyguaTjEKQPQcmd5pump,6.533485632550089e-06,6.533485632550089e-06,6.533485632550089e-06,6.533485632550089e-06,1m,1759819680,0.0,usd,2025-10-07,1m
2qgURia1oejhtngnt3cpUXyiKyguaTjEKQPQcmd5pump,6.533485632550089e-06,6.533485632550089e-06,6.533485632550089e-06,6.533485632550089e-06,1m,1759819740,0.0,usd,2025-10-07,1m
2qgURia1oejhtngnt3cpUXyiKyguaTjEKQPQcmd5pump,6.533485632550089e-06,6.533485632550089e-06,6.533485632550089e-06,6.533485632550089e-06,1m,1759819800,0.0,usd,2025-10-07,1m
2qgURia1oejhtngnt3cpUXyiKyguaTjEKQPQcmd5pump,6.533485632550089e-06,6.533485632550089e-06,6.533485632550089e-06,6.533485632550089e-06,1m,1759819860,0.0,usd,2025-10-07,1m
2qgURia1oejhtngnt3cpUXyiKyguaTjEKQPQcmd5pump,6.533485632550089e-06,6.533485632550089e-06,6.533485632550089e-06,6.533485632550089e-06,1m,1759819920,0.0,usd,2025-10-07,1m
2qgURia1oejhtngnt3cpUXyiKyguaTjEKQPQcmd5pump,6.533485632550089e-06,6.533485632550089e-06,6.533485632550089e-06,6.533485632550089e-06,1m,1759819980,0.0,usd,2025-10-07,1m
2qgURia1oejhtngnt3cpUXyiKyguaTjEKQPQcmd5pump,6.533485632550089e-06,6.533485632550089e-06,6.533485632550089e-06,6.533485632550089e-06,1m,1759820040,0.0,usd,2025-10-07,1m
2qgURia1oejhtngnt3cpUXyiKyguaTjEKQPQcmd5pump,6.533485632550089e-06,6.533485632550089e-06,6.533485632550089e-06,6.533485632550089e-06,1m,1759820100,0.0,usd,2025-10-07,1m
2qgURia1oejhtngnt3cpUXyiKyguaTjEKQPQcmd5pump,6.533485632550089e-06,6.533485632550089e-06,6.533485632550089e-06,6.533485632550089e-06,1m,1759820160,0.0,usd,2025-10-07,1m
2qgURia1oejhtngnt3cpUXyiKyguaTjEKQPQcmd5pump,6.533485632550089e-06,6.533485632550089e-06,6.533485632550089e-06,6.533485632550089e-06,1m,1759820220,0.0,usd,2025-10-07,1m
2qgURia1oejhtngnt3cpUXyiKyguaTjEKQPQcmd5pump,6.533485632550089e-06,6.533485632550089e-06,6.533485632550089e-06,6.533485632550089e-06,1m,1759820280,0.0,usd,2025-10-07,1m
2qgURia1oejhtngnt3cpUXyiKyguaTjEKQPQcmd5pump,6.533485632550089e-06,6.533485632550089e-06,6.533485632550089e-06,6.533485632550089e-06,1m,1759820340,0.0,usd,2025-10-07,1m
2qgURia1oejhtngnt3cpUXyiKyguaTjEKQPQcmd5pump,6.533485632550089e-06,6.533485632550089e-06,6.533485632550089e-06,6.533485632550089e-06,1m,1759820400,0.0,usd,2025-10-07,1m
2qgURia1oejhtngnt3cpUXyiKyguaTjEKQPQcmd5pump,6.533485632550089e-06,6.533485632550089e-06,6.533485632550089e-06,6.533485632550089e-06,1m,1759820460,0.0,usd,2025-10-07,1m
2qgURia1oejhtngnt3cpUXyiKyguaTjEKQPQcmd5pump,6.533485632550089e-06,6.533485632550089e-06,6.533485632550089e-06,6.533485632550089e-06,1m,1759820520,0.0,usd,2025-10-07,1m
2qgURia1oejhtngnt3cpUXyiKyguaTjEKQPQcmd5pump,6.533485632550089e-06,6.533485632550089e-06,6.533485632550089e-06,6.533485632550089e-06,1m,1759820580,0.0,usd,2025-10-07,1m
2qgURia1oejhtngnt3cpUXyiKyguaTjEKQPQcmd5pump,6.533485632550089e-06,6.533485632550089e-06,6.533485632550089e-06,6.533485632550089e-06,1m,1759820640,0.0,usd,2025-10-07,1m
2qgURia1oejhtngnt3cpUXyiKyguaTjEKQPQcmd5pump,6.533485632550089e-06,6.533485632550089e-06,6.533485632550089e-06,6.533485632550089e-06,1m,1759820700,0.0,usd,2025-10-07,1m
2qgURia1oejhtngnt3cpUXyiKyguaTjEKQPQcmd5pump,6.533485632550089e-06,6.533485632550089e-06,6.533485632550089e-06,6.533485632550089e-06,1m,1759820760,0.0,usd,2025-10-07,1m
2qgURia1oejhtngnt3cpUXyiKyguaTjEKQPQcmd5pump,6.533485632550089e-06,6.533485632550089e-06,6.533485632550089e-06,6.533485632550089e-06,1m,1759820820,0.0,usd,2025-10-07,1m
2qgURia1oejhtngnt3cpUXyiKyguaTjEKQPQcmd5pump,6.533485632550089e-06,6.533485632550089e-06,6.533485632550089e-06,6.533485632550089e-06,1m,1759820880,0.0,usd,2025-10-07,1m
2qgURia1oejhtngnt3cpUXyiKyguaTjEKQPQcmd5pump,6.533485632550089e-06,6.533485632550089e-06,6.533485632550089e-06,6.533485632550089e-06,1m,1759820940,0.0,usd,2025-10-07,1m
2qgURia1oejhtngnt3cpUXyiKyguaTjEKQPQcmd5pump,6.533485632550089e-06,6.533485632550089e-06,6.533485632550089e-06,6.533485632550089e-06,1m,1759821000,0.0,usd,2025-10-07,1m
2qgURia1oejhtngnt3cpUXyiKyguaTjEKQPQcmd5pump,6.533485632550089e-06,6.533485632550089e-06,6.533485632550089e-06,6.533485632550089e-06,1m,1759821060,0.0,usd,2025-10-07,1m
2qgURia1oejhtngnt3cpUXyiKyguaTjEKQPQcmd5pump,6.533485632550089e-06,6.533485632550089e-06,6.533485632550089e-06,6.533485632550089e-06,1m,1759821120,0.0,usd,2025-10-07,1m
2qgURia1oejhtngnt3cpUXyiKyguaTjEKQPQcmd5pump,6.533485632550089e-06,6.533485632550089e-06,6.533485632550089e-06,6.533485632550089e-06,1m,1759821180,0.0,usd,2025-10-07,1m
2qgURia1oejhtngnt3cpUXyiKyguaTjEKQPQcmd5pump,6.533485632550089e-06,6.533485632550089e-06,6.533485632550089e-06,6.533485632550089e-06,1m,1759821240,0.0,usd,2025-10-07,1m
2qgURia1oejhtngnt3cpUXyiKyguaTjEKQPQcmd5pump,6.533485632550089e-06,6.533485632550089e-06,6.533485632550089e-06,6.533485632550089e-06,1m,1759821300,0.0,usd,2025-10-07,1m
2qgURia1oejhtngnt3cpUXyiKyguaTjEKQPQcmd5pump,6.533485632550089e-06,6.533485632550089e-06,6.533485632550089e-06,6.533485632550089e-06,1m,1759821360,0.0,usd,2025-10-07,1m
2qgURia1oejhtngnt3cpUXyiKyguaTjEKQPQcmd5pump,6.533485632550089e-06,6.533485632550089e-06,6.533485632550089e-06,6.533485632550089e-06,1m,1759821420,0.0,usd,2025-10-07,1m
2qgURia1oejhtngnt3cpUXyiKyguaTjEKQPQcmd5pump,6.533485632550089e-06,6.533485632550089e-06,6.533485632550089e-06,6.533485632550089e-06,1m,1759821480,0.0,usd,2025-10-07,1m
2qgURia1oejhtngnt3cpUXyiKyguaTjEKQPQcmd5pump,6.533485632550089e-06,6.533485632550089e-06,6.533485632550089e-06,6.533485632550089e-06,1m,1759821540,0.0,usd,2025-10-07,1m
2qgURia1oejhtngnt3cpUXyiKyguaTjEKQPQcmd5pump,6.533485632550089e-06,6.533485632550089e-06,6.533485632550089e-06,6.533485632550089e-06,1m,1759821600,0.0,usd,2025-10-07,1m
2qgURia1oejhtngnt3cpUXyiKyguaTjEKQPQcmd5pump,6.533485632550089e-06,6.533485632550089e-06,6.533485632550089e-06,6.533485632550089e-06,1m,1759821660,0.0,usd,2025-10-07,1m
2qgURia1oejhtngnt3cpUXyiKyguaTjEKQPQcmd5pump,6.533485632550089e-06,6.533485632550089e-06,6.533485632550089e-06,6.533485632550089e-06,1m,1759821720,0.0,usd,2025-10-07,1m
2qgURia1oejhtngnt3cpUXyiKyguaTjEKQPQcmd5pump,6.533485632550089e-06,6.533485632550089e-06,6.533485632550089e-06,6.533485632550089e-06,1m,1759821780,0.0,usd,2025-10-07,1m
2qgURia1oejhtngnt3cpUXyiKyguaTjEKQPQcmd5pump,6.533485632550089e-06,6.533485632550089e-06,6.533485632550089e-06,6.533485632550089e-06,1m,1759821840,0.0,usd,2025-10-07,1m
2qgURia1oejhtngnt3cpUXyiKyguaTjEKQPQcmd5pump,6.533485632550089e-06,6.533485632550089e-06,6.533485632550089e-06,6.533485632550089e-06,1m,1759821900,0.0,usd,2025-10-07,1m
2qgURia1oejhtngnt3cpUXyiKyguaTjEKQPQcmd5pump,6.533485632550089e-06,6.533485632550089e-06,6.533485632550089e-06,6.533485632550089e-06,1m,1759821960,0.0,usd,2025-10-07,1m
2qgURia1oejhtngnt3cpUXyiKyguaTjEKQPQcmd5pump,6.533485632550089e-06,6.533485632550089e-06,6.533485632550089e-06,6.533485632550089e-06,1m,1759822020,0.0,usd,2025-10-07,1m
2qgURia1oejhtngnt3cpUXyiKyguaTjEKQPQcmd5pump,6.533485632550089e-06,6.533485632550089e-06,6.533485632550089e-06,6.533485632550089e-06,1m,1759822080,0.0,usd,2025-10-07,1m
2qgURia1oejhtngnt3cpUXyiKyguaTjEKQPQcmd5pump,6.533485632550089e-06,6.533485632550089e-06,6.533485632550089e-06,6.533485632550089e-06,1m,1759822140,0.0,usd,2025-10-07,1m
2qgURia1oejhtngnt3cpUXyiKyguaTjEKQPQcmd5pump,6.533485632550089e-06,6.533485632550089e-06,6.533485632550089e-06,6.533485632550089e-06,1m,1759822200,0.0,usd,2025-10-07,1m
2qgURia1oejhtngnt3cpUXyiKyguaTjEKQPQcmd5pump,6.533485632550089e-06,6.533485632550089e-06,6.533485632550089e-06,6.533485632550089e-06,1m,1759822260,0.0,usd,2025-10-07,1m
2qgURia1oejhtngnt3cpUXyiKyguaTjEKQPQcmd5pump,6.533485632550089e-06,6.533485632550089e-06,6.533485632550089e-06,6.533485632550089e-06,1m,1759822320,0.0,usd,2025-10-07,1m
2qgURia1oejhtngnt3cpUXyiKyguaTjEKQPQcmd5pump,6.533485632550089e-06,6.533485632550089e-06,6.533485632550089e-06,6.533485632550089e-06,1m,1759822380,0.0,usd,2025-10-07,1m
2qgURia1oejhtngnt3cpUXyiKyguaTjEKQPQcmd5pump,6.533485632550089e-06,6.533485632550089e-06,6.533485632550089e-06,6.533485632550089e-06,1m,1759822440,0.0,usd,2025-10-07,1m
2qgURia1oejhtngnt3cpUXyiKyguaTjEKQPQcmd5pump,6.533485632550089e-06,6.533485632550089e-06,6.533485632550089e-06,6.533485632550089e-06,1m,1759822500,0.0,usd,2025-10-07,1m
2qgURia1oejhtngnt3cpUXyiKyguaTjEKQPQcmd5pump,6.533485632550089e-06,6.533485632550089e-06,6.533485632550089e-06,6.533485632550089e-06,1m,1759822560,0.0,usd,2025-10-07,1m
2qgURia1oejhtngnt3cpUXyiKyguaTjEKQPQcmd5pump,6.533485632550089e-06,6.533485632550089e-06,6.533485632550089e-06,6.533485632550089e-06,1m,1759822620,0.0,usd,2025-10-07,1m
2qgURia1oejhtngnt3cpUXyiKyguaTjEKQPQcmd5pump,6.533485632550089e-06,6.533485632550089e-06,6.533485632550089e-06,6.533485632550089e-06,1m,1759822680,0.0,usd,2025-10-07,1m
2qgURia1oejhtngnt3cpUXyiKyguaTjEKQPQcmd5pump,6.533485632550089e-06,6.533485632550089e-06,6.533485632550089e-06,6.533485632550089e-06,1m,1759822740,0.0,usd,2025-10-07,1m
2qgURia1oejhtngnt3cpUXyiKyguaTjEKQPQcmd5pump,6.533485632550089e-06,6.533485632550089e-06,6.533485632550089e-06,6.533485632550089e-06,1m,1759822800,0.0,usd,2025-10-07,1m
2qgURia1oejhtngnt3cpUXyiKyguaTjEKQPQcmd5pump,6.533485632550089e-06,6.533485632550089e-06,6.533485632550089e-06,6.533485632550089e-06,1m,1759822860,0.0,usd,2025-10-07,1m
2qgURia1oejhtngnt3cpUXyiKyguaTjEKQPQcmd5pump,6.533485632550089e-06,6.533485632550089e-06,6.533485632550089e-06,6.533485632550089e-06,1m,1759822920,0.0,usd,2025-10-07,1m
2qgURia1oejhtngnt3cpUXyiKyguaTjEKQPQcmd5pump,6.533485632550089e-06,6.533485632550089e-06,6.533485632550089e-06,6.533485632550089e-06,1m,1759822980,0.0,usd,2025-10-07,1m
2qgURia1oejhtngnt3cpUXyiKyguaTjEKQPQcmd5pump,6.533485632550089e-06,6.533485632550089e-06,6.533485632550089e-06,6.533485632550089e-06,1m,1759823040,0.0,usd,2025-10-07,1m
2qgURia1oejhtngnt3cpUXyiKyguaTjEKQPQcmd5pump,6.533485632550089e-06,6.533485632550089e-06,6.533485632550089e-06,6.533485632550089e-06,1m,1759823100,0.0,usd,2025-10-07,1m
2qgURia1oejhtngnt3cpUXyiKyguaTjEKQPQcmd5pump,6.533485632550089e-06,6.533485632550089e-06,6.533485632550089e-06,6.533485632550089e-06,1m,1759823160,0.0,usd,2025-10-07,1m
2qgURia1oejhtngnt3cpUXyiKyguaTjEKQPQcmd5pump,6.533485632550089e-06,6.533485632550089e-06,6.533485632550089e-06,6.533485632550089e-06,1m,1759823220,0.0,usd,2025-10-07,1m
2qgURia1oejhtngnt3cpUXyiKyguaTjEKQPQcmd5pump,6.533485632550089e-06,6.533485632550089e-06,6.533485632550089e-06,6.533485632550089e-06,1m,1759823280,0.0,usd,2025-10-07,1m
2qgURia1oejhtngnt3cpUXyiKyguaTjEKQPQcmd5pump,6.533485632550089e-06,6.533485632550089e-06,6.533485632550089e-06,6.533485632550089e-06,1m,1759823340,0.0,usd,2025-10-07,1m
2qgURia1oejhtngnt3cpUXyiKyguaTjEKQPQcmd5pump,6.533485632550089e-06,6.533485632550089e-06,6.533485632550089e-06,6.533485632550089e-06,1m,1759823400,0.0,usd,2025-10-07,1m
2qgURia1oejhtngnt3cpUXyiKyguaTjEKQPQcmd5pump,6.533485632550089e-06,6.533485632550089e-06,6.533485632550089e-06,6.533485632550089e-06,1m,1759823460,0.0,usd,2025-10-07,1m
2qgURia1oejhtngnt3cpUXyiKyguaTjEKQPQcmd5pump,6.533485632550089e-06,6.533485632550089e-06,6.533485632550089e-06,6.533485632550089e-06,1m,1759823520,0.0,usd,2025-10-07,1m
2qgURia1oejhtngnt3cpUXyiKyguaTjEKQPQcmd5pump,6.533485632550089e-06,6.533485632550089e-06,6.533485632550089e-06,6.533485632550089e-06,1m,1759823580,0.0,usd,2025-10-07,1m
2qgURia1oejhtngnt3cpUXyiKyguaTjEKQPQcmd5pump,6.533485632550089e-06,6.533485632550089e-06,6.533485632550089e-06,6.533485632550089e-06,1m,1759823640,0.0,usd,2025-10-07,1m
2qgURia1oejhtngnt3cpUXyiKyguaTjEKQPQcmd5pump,6.533485632550089e-06,6.533485632550089e-06,6.533485632550089e-06,6.533485632550089e-06,1m,1759823700,0.0,usd,2025-10-07,1m
2qgURia1oejhtngnt3cpUXyiKyguaTjEKQPQcmd5pump,6.533485632550089e-06,6.533485632550089e-06,6.533485632550089e-06,6.533485632550089e-06,1m,1759823760,0.0,usd,2025-10-07,1m
2qgURia1oejhtngnt3cpUXyiKyguaTjEKQPQcmd5pump,6.533485632550089e-06,6.533485632550089e-06,6.533485632550089e-06,6.533485632550089e-06,1m,1759823820,0.0,usd,2025-10-07,1m
2qgURia1oejhtngnt3cpUXyiKyguaTjEKQPQcmd5pump,6.533485632550089e-06,6.533485632550089e-06,6.533485632550089e-06,6.533485632550089e-06,1m,1759823880,0.0,usd,2025-10-07,1m
2qgURia1oejhtngnt3cpUXyiKyguaTjEKQPQcmd5pump,6.533485632550089e-06,6.533485632550089e-06,6.533485632550089e-06,6.533485632550089e-06,1m,1759823940,0.0,usd,2025-10-07,1m
2qgURia1oejhtngnt3cpUXyiKyguaTjEKQPQcmd5pump,6.533485632550089e-06,6.533485632550089e-06,6.533485632550089e-06,6.533485632550089e-06,1m,1759824000,0.0,usd,2025-10-07,1m
2qgURia1oejhtngnt3cpUXyiKyguaTjEKQPQcmd5pump,6.533485632550089e-06,6.533485632550089e-06,6.533485632550089e-06,6.533485632550089e-06,1m,1759824060,0.0,usd,2025-10-07,1m
2qgURia1oejhtngnt3cpUXyiKyguaTjEKQPQcmd5pump,6.533485632550089e-06,6.533485632550089e-06,6.533485632550089e-06,6.533485632550089e-06,1m,1759824120,0.0,usd,2025-10-07,1m
2qgURia1oejhtngnt3cpUXyiKyguaTjEKQPQcmd5pump,6.533485632550089e-06,6.533485632550089e-06,6.533485632550089e-06,6.533485632550089e-06,1m,1759824180,0.0,usd,2025-10-07,1m
2qgURia1oejhtngnt3cpUXyiKyguaTjEKQPQcmd5pump,6.533485632550089e-06,6.533485632550089e-06,6.533485632550089e-06,6.533485632550089e-06,1m,1759824240,0.0,usd,2025-10-07,1m
2qgURia1oejhtngnt3cpUXyiKyguaTjEKQPQcmd5pump,6.533485632550089e-06,6.533485632550089e-06,6.533485632550089e-06,6.533485632550089e-06,1m,1759824300,0.0,usd,2025-10-07,1m
2qgURia1oejhtngnt3cpUXyiKyguaTjEKQPQcmd5pump,6.533485632550089e-06,6.533485632550089e-06,6.533485632550089e-06,6.533485632550089e-06,1m,1759824360,0.0,usd,2025-10-07,1m
2qgURia1oejhtngnt3cpUXyiKyguaTjEKQPQcmd5pump,6.533485632550089e-06,6.533485632550089e-06,6.533485632550089e-06,6.533485632550089e-06,1m,1759824420,0.0,usd,2025-10-07,1m
2qgURia1oejhtngnt3cpUXyiKyguaTjEKQPQcmd5pump,6.533485632550089e-06,6.533485632550089e-06,6.533485632550089e-06,6.533485632550089e-06,1m,1759824480,0.0,usd,2025-10-07,1m
2qgURia1oejhtngnt3cpUXyiKyguaTjEKQPQcmd5pump,6.533485632550089e-06,6.533485632550089e-06,6.533485632550089e-06,6.533485632550089e-06,1m,1759824540,0.0,usd,2025-10-07,1m
2qgURia1oejhtngnt3cpUXyiKyguaTjEKQPQcmd5pump,6.533485632550089e-06,6.533485632550089e-06,6.533485632550089e-06,6.533485632550089e-06,1m,1759824600,0.0,usd,2025-10-07,1m
2qgURia1oejhtngnt3cpUXyiKyguaTjEKQPQcmd5pump,6.533485632550089e-06,6.533485632550089e-06,6.533485632550089e-06,6.533485632550089e-06,1m,1759824660,0.0,usd,2025-10-07,1m
2qgURia1oejhtngnt3cpUXyiKyguaTjEKQPQcmd5pump,6.533485632550089e-06,6.533485632550089e-06,6.533485632550089e-06,6.533485632550089e-06,1m,1759824720,0.0,usd,2025-10-07,1m
2qgURia1oejhtngnt3cpUXyiKyguaTjEKQPQcmd5pump,6.533485632550089e-06,6.533485632550089e-06,6.533485632550089e-06,6.533485632550089e-06,1m,1759824780,0.0,usd,2025-10-07,1m
2qgURia1oejhtngnt3cpUXyiKyguaTjEKQPQcmd5pump,6.533485632550089e-06,6.533485632550089e-06,6.533485632550089e-06,6.533485632550089e-06,1m,1759824840,0.0,usd,2025-10-07,1m
2qgURia1oejhtngnt3cpUXyiKyguaTjEKQPQcmd5pump,6.533485632550089e-06,6.533485632550089e-06,6.533485632550089e-06,6.533485632550089e-06,1m,1759824900,0.0,usd,2025-10-07,1m
2qgURia1oejhtngnt3cpUXyiKyguaTjEKQPQcmd5pump,6.533485632550089e-06,6.533485632550089e-06,6.533485632550089e-06,6.533485632550089e-06,1m,1759824960,0.0,usd,2025-10-07,1m
2qgURia1oejhtngnt3cpUXyiKyguaTjEKQPQcmd5pump,6.533485632550089e-06,6.533485632550089e-06,6.533485632550089e-06,6.533485632550089e-06,1m,1759825020,0.0,usd,2025-10-07,1m
2qgURia1oejhtngnt3cpUXyiKyguaTjEKQPQcmd5pump,6.533485632550089e-06,6.533485632550089e-06,6.533485632550089e-06,6.533485632550089e-06,1m,1759825080,0.0,usd,2025-10-07,1m
2qgURia1oejhtngnt3cpUXyiKyguaTjEKQPQcmd5pump,6.533485632550089e-06,6.533485632550089e-06,6.533485632550089e-06,6.533485632550089e-06,1m,1759825140,0.0,usd,2025-10-07,1m
2qgURia1oejhtngnt3cpUXyiKyguaTjEKQPQcmd5pump,6.533485632550089e-06,6.533485632550089e-06,6.533485632550089e-06,6.533485632550089e-06,1m,1759825200,0.0,usd,2025-10-07,1m
2qgURia1oejhtngnt3cpUXyiKyguaTjEKQPQcmd5pump,6.533485632550089e-06,6.533485632550089e-06,6.533485632550089e-06,6.533485632550089e-06,1m,1759825260,0.0,usd,2025-10-07,1m
2qgURia1oejhtngnt3cpUXyiKyguaTjEKQPQcmd5pump,6.533485632550089e-06,6.533485632550089e-06,6.533485632550089e-06,6.533485632550089e-06,1m,1759825320,0.0,usd,2025-10-07,1m
2qgURia1oejhtngnt3cpUXyiKyguaTjEKQPQcmd5pump,6.533485632550089e-06,6.533485632550089e-06,6.533485632550089e-06,6.533485632550089e-06,1m,1759825380,0.0,usd,2025-10-07,1m
2qgURia1oejhtngnt3cpUXyiKyguaTjEKQPQcmd5pump,6.533485632550089e-06,6.533485632550089e-06,6.533485632550089e-06,6.533485632550089e-06,1m,1759825440,0.0,usd,2025-10-07,1m
2qgURia1oejhtngnt3cpUXyiKyguaTjEKQPQcmd5pump,6.533485632550089e-06,6.533485632550089e-06,6.533485632550089e-06,6.533485632550089e-06,1m,1759825500,0.0,usd,2025-10-07,1m
2qgURia1oejhtngnt3cpUXyiKyguaTjEKQPQcmd5pump,6.533485632550089e-06,6.533485632550089e-06,6.533485632550089e-06,6.533485632550089e-06,1m,1759825560,0.0,usd,2025-10-07,1m
2qgURia1oejhtngnt3cpUXyiKyguaTjEKQPQcmd5pump,6.533485632550089e-06,6.533485632550089e-06,6.533485632550089e-06,6.533485632550089e-06,1m,1759825620,0.0,usd,2025-10-07,1m
2qgURia1oejhtngnt3cpUXyiKyguaTjEKQPQcmd5pump,6.533485632550089e-06,6.533485632550089e-06,6.533485632550089e-06,6.533485632550089e-06,1m,1759825680,0.0,usd,2025-10-07,1m
2qgURia1oejhtngnt3cpUXyiKyguaTjEKQPQcmd5pump,6.533485632550089e-06,6.533485632550089e-06,6.533485632550089e-06,6.533485632550089e-06,1m,1759825740,0.0,usd,2025-10-07,1m
2qgURia1oejhtngnt3cpUXyiKyguaTjEKQPQcmd5pump,6.533485632550089e-06,6.533485632550089e-06,6.533485632550089e-06,6.533485632550089e-06,1m,1759825800,0.0,usd,2025-10-07,1m
2qgURia1oejhtngnt3cpUXyiKyguaTjEKQPQcmd5pump,6.533485632550089e-06,6.533485632550089e-06,6.533485632550089e-06,6.533485632550089e-06,1m,1759825860,0.0,usd,2025-10-07,1m
2qgURia1oejhtngnt3cpUXyiKyguaTjEKQPQcmd5pump,6.533485632550089e-06,6.533485632550089e-06,6.533485632550089e-06,6.533485632550089e-06,1m,1759825920,0.0,usd,2025-10-07,1m
2qgURia1oejhtngnt3cpUXyiKyguaTjEKQPQcmd5pump,6.533485632550089e-06,6.533485632550089e-06,6.533485632550089e-06,6.533485632550089e-06,1m,1759825980,0.0,usd,2025-10-07,1m
2qgURia1oejhtngnt3cpUXyiKyguaTjEKQPQcmd5pump,6.533485632550089e-06,6.533485632550089e-06,6.533485632550089e-06,6.533485632550089e-06,1m,1759826040,0.0,usd,2025-10-07,1m
2qgURia1oejhtngnt3cpUXyiKyguaTjEKQPQcmd5pump,6.533485632550089e-06,6.533485632550089e-06,6.533485632550089e-06,6.533485632550089e-06,1m,1759826100,0.0,usd,2025-10-07,1m
2qgURia1oejhtngnt3cpUXyiKyguaTjEKQPQcmd5pump,6.533485632550089e-06,6.533485632550089e-06,6.533485632550089e-06,6.533485632550089e-06,1m,1759826160,0.0,usd,2025-10-07,1m
2qgURia1oejhtngnt3cpUXyiKyguaTjEKQPQcmd5pump,6.533485632550089e-06,6.533485632550089e-06,6.533485632550089e-06,6.533485632550089e-06,1m,1759826220,0.0,usd,2025-10-07,1m
2qgURia1oejhtngnt3cpUXyiKyguaTjEKQPQcmd5pump,6.533485632550089e-06,6.533485632550089e-06,6.533485632550089e-06,6.533485632550089e-06,1m,1759826280,0.0,usd,2025-10-07,1m
2qgURia1oejhtngnt3cpUXyiKyguaTjEKQPQcmd5pump,6.533485632550089e-06,6.533485632550089e-06,6.533485632550089e-06,6.533485632550089e-06,1m,1759826340,0.0,usd,2025-10-07,1m
2qgURia1oejhtngnt3cpUXyiKyguaTjEKQPQcmd5pump,6.533485632550089e-06,6.533485632550089e-06,6.533485632550089e-06,6.533485632550089e-06,1m,1759826400,0.0,usd,2025-10-07,1m
2qgURia1oejhtngnt3cpUXyiKyguaTjEKQPQcmd5pump,6.533485632550089e-06,6.533485632550089e-06,6.533485632550089e-06,6.533485632550089e-06,1m,1759826460,0.0,usd,2025-10-07,1m
2qgURia1oejhtngnt3cpUXyiKyguaTjEKQPQcmd5pump,6.533485632550089e-06,6.533485632550089e-06,6.533485632550089e-06,6.533485632550089e-06,1m,1759826520,0.0,usd,2025-10-07,1m
2qgURia1oejhtngnt3cpUXyiKyguaTjEKQPQcmd5pump,6.533485632550089e-06,6.533485632550089e-06,6.533485632550089e-06,6.533485632550089e-06,1m,1759826580,0.0,usd,2025-10-07,1m
2qgURia1oejhtngnt3cpUXyiKyguaTjEKQPQcmd5pump,6.533485632550089e-06,6.533485632550089e-06,6.533485632550089e-06,6.533485632550089e-06,1m,1759826640,0.0,usd,2025-10-07,1m
2qgURia1oejhtngnt3cpUXyiKyguaTjEKQPQcmd5pump,6.533485632550089e-06,6.533485632550089e-06,6.533485632550089e-06,6.533485632550089e-06,1m,1759826700,0.0,usd,2025-10-07,1m
2qgURia1oejhtngnt3cpUXyiKyguaTjEKQPQcmd5pump,6.533485632550089e-06,6.533485632550089e-06,6.533485632550089e-06,6.533485632550089e-06,1m,1759826760,0.0,usd,2025-10-07,1m
2qgURia1oejhtngnt3cpUXyiKyguaTjEKQPQcmd5pump,6.533485632550089e-06,6.533485632550089e-06,6.533485632550089e-06,6.533485632550089e-06,1m,1759826820,0.0,usd,2025-10-07,1m
2qgURia1oejhtngnt3cpUXyiKyguaTjEKQPQcmd5pump,6.533485632550089e-06,6.533485632550089e-06,6.533485632550089e-06,6.533485632550089e-06,1m,1759826880,0.0,usd,2025-10-07,1m
2qgURia1oejhtngnt3cpUXyiKyguaTjEKQPQcmd5pump,6.533485632550089e-06,6.533485632550089e-06,6.533485632550089e-06,6.533485632550089e-06,1m,1759826940,0.0,usd,2025-10-07,1m
2qgURia1oejhtngnt3cpUXyiKyguaTjEKQPQcmd5pump,6.533485632550089e-06,6.533485632550089e-06,6.533485632550089e-06,6.533485632550089e-06,1m,1759827000,0.0,usd,2025-10-07,1m
2qgURia1oejhtngnt3cpUXyiKyguaTjEKQPQcmd5pump,6.533485632550089e-06,6.533485632550089e-06,6.533485632550089e-06,6.533485632550089e-06,1m,1759827060,0.0,usd,2025-10-07,1m
2qgURia1oejhtngnt3cpUXyiKyguaTjEKQPQcmd5pump,6.533485632550089e-06,6.533485632550089e-06,6.533485632550089e-06,6.533485632550089e-06,1m,1759827120,0.0,usd,2025-10-07,1m
2qgURia1oejhtngnt3cpUXyiKyguaTjEKQPQcmd5pump,6.533485632550089e-06,6.533485632550089e-06,6.533485632550089e-06,6.533485632550089e-06,1m,1759827180,0.0,usd,2025-10-07,1m
2qgURia1oejhtngnt3cpUXyiKyguaTjEKQPQcmd5pump,6.533485632550089e-06,6.533485632550089e-06,6.533485632550089e-06,6.533485632550089e-06,1m,1759827240,0.0,usd,2025-10-07,1m
2qgURia1oejhtngnt3cpUXyiKyguaTjEKQPQcmd5pump,6.533485632550089e-06,6.533485632550089e-06,6.533485632550089e-06,6.533485632550089e-06,1m,1759827300,0.0,usd,2025-10-07,1m
2qgURia1oejhtngnt3cpUXyiKyguaTjEKQPQcmd5pump,6.533485632550089e-06,6.533485632550089e-06,6.533485632550089e-06,6.533485632550089e-06,1m,1759827360,0.0,usd,2025-10-07,1m
2qgURia1oejhtngnt3cpUXyiKyguaTjEKQPQcmd5pump,6.533485632550089e-06,6.533485632550089e-06,6.533485632550089e-06,6.533485632550089e-06,1m,1759827420,0.0,usd,2025-10-07,1m
2qgURia1oejhtngnt3cpUXyiKyguaTjEKQPQcmd5pump,6.533485632550089e-06,6.533485632550089e-06,6.533485632550089e-06,6.533485632550089e-06,1m,1759827480,0.0,usd,2025-10-07,1m
2qgURia1oejhtngnt3cpUXyiKyguaTjEKQPQcmd5pump,6.533485632550089e-06,6.533485632550089e-06,6.533485632550089e-06,6.533485632550089e-06,1m,1759827540,0.0,usd,2025-10-07,1m
2qgURia1oejhtngnt3cpUXyiKyguaTjEKQPQcmd5pump,6.533485632550089e-06,6.533485632550089e-06,6.533485632550089e-06,6.533485632550089e-06,1m,1759827600,0.0,usd,2025-10-07,1m
2qgURia1oejhtngnt3cpUXyiKyguaTjEKQPQcmd5pump,6.533485632550089e-06,6.533485632550089e-06,6.533485632550089e-06,6.533485632550089e-06,1m,1759827660,0.0,usd,2025-10-07,1m
2qgURia1oejhtngnt3cpUXyiKyguaTjEKQPQcmd5pump,6.533485632550089e-06,6.533485632550089e-06,6.533485632550089e-06,6.533485632550089e-06,1m,1759827720,0.0,usd,2025-10-07,1m
2qgURia1oejhtngnt3cpUXyiKyguaTjEKQPQcmd5pump,6.533485632550089e-06,6.533485632550089e-06,6.533485632550089e-06,6.533485632550089e-06,1m,1759827780,0.0,usd,2025-10-07,1m
2qgURia1oejhtngnt3cpUXyiKyguaTjEKQPQcmd5pump,6.533485632550089e-06,6.533485632550089e-06,6.533485632550089e-06,6.533485632550089e-06,1m,1759827840,0.0,usd,2025-10-07,1m
2qgURia1oejhtngnt3cpUXyiKyguaTjEKQPQcmd5pump,6.533485632550089e-06,6.533485632550089e-06,6.533485632550089e-06,6.533485632550089e-06,1m,1759827900,0.0,usd,2025-10-07,1m
2qgURia1oejhtngnt3cpUXyiKyguaTjEKQPQcmd5pump,6.533485632550089e-06,6.533485632550089e-06,6.533485632550089e-06,6.533485632550089e-06,1m,1759827960,0.0,usd,2025-10-07,1m
2qgURia1oejhtngnt3cpUXyiKyguaTjEKQPQcmd5pump,6.533485632550089e-06,6.533485632550089e-06,6.533485632550089e-06,6.533485632550089e-06,1m,1759828020,0.0,usd,2025-10-07,1m
2qgURia1oejhtngnt3cpUXyiKyguaTjEKQPQcmd5pump,6.533485632550089e-06,6.533485632550089e-06,6.533485632550089e-06,6.533485632550089e-06,1m,1759828080,0.0,usd,2025-10-07,1m
2qgURia1oejhtngnt3cpUXyiKyguaTjEKQPQcmd5pump,6.533485632550089e-06,6.533485632550089e-06,6.533485632550089e-06,6.533485632550089e-06,1m,1759828140,0.0,usd,2025-10-07,1m
2qgURia1oejhtngnt3cpUXyiKyguaTjEKQPQcmd5pump,6.533485632550089e-06,6.533485632550089e-06,6.533485632550089e-06,6.533485632550089e-06,1m,1759828200,0.0,usd,2025-10-07,1m
2qgURia1oejhtngnt3cpUXyiKyguaTjEKQPQcmd5pump,6.533485632550089e-06,6.533485632550089e-06,6.533485632550089e-06,6.533485632550089e-06,1m,1759828260,0.0,usd,2025-10-07,1m
2qgURia1oejhtngnt3cpUXyiKyguaTjEKQPQcmd5pump,6.533485632550089e-06,6.533485632550089e-06,6.533485632550089e-06,6.533485632550089e-06,1m,1759828320,0.0,usd,2025-10-07,1m
2qgURia1oejhtngnt3cpUXyiKyguaTjEKQPQcmd5pump,6.533485632550089e-06,6.533485632550089e-06,6.533485632550089e-06,6.533485632550089e-06,1m,1759828380,0.0,usd,2025-10-07,1m
2qgURia1oejhtngnt3cpUXyiKyguaTjEKQPQcmd5pump,6.533485632550089e-06,6.533485632550089e-06,6.533485632550089e-06,6.533485632550089e-06,1m,1759828440,0.0,usd,2025-10-07,1m
2qgURia1oejhtngnt3cpUXyiKyguaTjEKQPQcmd5pump,6.533485632550089e-06,6.533485632550089e-06,6.533485632550089e-06,6.533485632550089e-06,1m,1759828500,0.0,usd,2025-10-07,1m
2qgURia1oejhtngnt3cpUXyiKyguaTjEKQPQcmd5pump,6.533485632550089e-06,6.533485632550089e-06,6.533485632550089e-06,6.533485632550089e-06,1m,1759828560,0.0,usd,2025-10-07,1m
2qgURia1oejhtngnt3cpUXyiKyguaTjEKQPQcmd5pump,6.533485632550089e-06,6.533485632550089e-06,6.533485632550089e-06,6.533485632550089e-06,1m,1759828620,0.0,usd,2025-10-07,1m
2qgURia1oejhtngnt3cpUXyiKyguaTjEKQPQcmd5pump,6.533485632550089e-06,6.533485632550089e-06,6.533485632550089e-06,6.533485632550089e-06,1m,1759828680,0.0,usd,2025-10-07,1m
2qgURia1oejhtngnt3cpUXyiKyguaTjEKQPQcmd5pump,6.533485632550089e-06,6.533485632550089e-06,6.533485632550089e-06,6.533485632550089e-06,1m,1759828740,0.0,usd,2025-10-07,1m
2qgURia1oejhtngnt3cpUXyiKyguaTjEKQPQcmd5pump,6.533485632550089e-06,6.533485632550089e-06,6.533485632550089e-06,6.533485632550089e-06,1m,1759828800,0.0,usd,2025-10-07,1m
2qgURia1oejhtngnt3cpUXyiKyguaTjEKQPQcmd5pump,6.533485632550089e-06,6.533485632550089e-06,6.533485632550089e-06,6.533485632550089e-06,1m,1759828860,0.0,usd,2025-10-07,1m
2qgURia1oejhtngnt3cpUXyiKyguaTjEKQPQcmd5pump,6.533485632550089e-06,6.533485632550089e-06,6.533485632550089e-06,6.533485632550089e-06,1m,1759828920,0.0,usd,2025-10-07,1m
2qgURia1oejhtngnt3cpUXyiKyguaTjEKQPQcmd5pump,6.533485632550089e-06,6.533485632550089e-06,6.533485632550089e-06,6.533485632550089e-06,1m,1759828980,0.0,usd,2025-10-07,1m
2qgURia1oejhtngnt3cpUXyiKyguaTjEKQPQcmd5pump,6.533485632550089e-06,6.533485632550089e-06,6.533485632550089e-06,6.533485632550089e-06,1m,1759829040,0.0,usd,2025-10-07,1m
2qgURia1oejhtngnt3cpUXyiKyguaTjEKQPQcmd5pump,6.533485632550089e-06,6.533485632550089e-06,6.533485632550089e-06,6.533485632550089e-06,1m,1759829100,0.0,usd,2025-10-07,1m
2qgURia1oejhtngnt3cpUXyiKyguaTjEKQPQcmd5pump,6.533485632550089e-06,6.533485632550089e-06,6.533485632550089e-06,6.533485632550089e-06,1m,1759829160,0.0,usd,2025-10-07,1m
2qgURia1oejhtngnt3cpUXyiKyguaTjEKQPQcmd5pump,6.533485632550089e-06,6.533485632550089e-06,6.533485632550089e-06,6.533485632550089e-06,1m,1759829220,0.0,usd,2025-10-07,1m
2qgURia1oejhtngnt3cpUXyiKyguaTjEKQPQcmd5pump,6.533485632550089e-06,6.533485632550089e-06,6.533485632550089e-06,6.533485632550089e-06,1m,1759829280,0.0,usd,2025-10-07,1m
2qgURia1oejhtngnt3cpUXyiKyguaTjEKQPQcmd5pump,6.533485632550089e-06,6.533485632550089e-06,6.533485632550089e-06,6.533485632550089e-06,1m,1759829340,0.0,usd,2025-10-07,1m
2qgURia1oejhtngnt3cpUXyiKyguaTjEKQPQcmd5pump,6.533485632550089e-06,6.533485632550089e-06,6.533485632550089e-06,6.533485632550089e-06,1m,1759829400,0.0,usd,2025-10-07,1m
2qgURia1oejhtngnt3cpUXyiKyguaTjEKQPQcmd5pump,6.533485632550089e-06,6.533485632550089e-06,6.533485632550089e-06,6.533485632550089e-06,1m,1759829460,0.0,usd,2025-10-07,1m
2qgURia1oejhtngnt3cpUXyiKyguaTjEKQPQcmd5pump,6.533485632550089e-06,6.533485632550089e-06,6.533485632550089e-06,6.533485632550089e-06,1m,1759829520,0.0,usd,2025-10-07,1m
2qgURia1oejhtngnt3cpUXyiKyguaTjEKQPQcmd5pump,6.533485632550089e-06,6.533485632550089e-06,6.533485632550089e-06,6.533485632550089e-06,1m,1759829580,0.0,usd,2025-10-07,1m
2qgURia1oejhtngnt3cpUXyiKyguaTjEKQPQcmd5pump,6.533485632550089e-06,6.533485632550089e-06,6.533485632550089e-06,6.533485632550089e-06,1m,1759829640,0.0,usd,2025-10-07,1m
2qgURia1oejhtngnt3cpUXyiKyguaTjEKQPQcmd5pump,6.533485632550089e-06,6.533485632550089e-06,6.533485632550089e-06,6.533485632550089e-06,1m,1759829700,0.0,usd,2025-10-07,1m
2qgURia1oejhtngnt3cpUXyiKyguaTjEKQPQcmd5pump,6.533485632550089e-06,6.533485632550089e-06,6.533485632550089e-06,6.533485632550089e-06,1m,1759829760,0.0,usd,2025-10-07,1m
2qgURia1oejhtngnt3cpUXyiKyguaTjEKQPQcmd5pump,6.533485632550089e-06,6.533485632550089e-06,6.533485632550089e-06,6.533485632550089e-06,1m,1759829820,0.0,usd,2025-10-07,1m
2qgURia1oejhtngnt3cpUXyiKyguaTjEKQPQcmd5pump,6.533485632550089e-06,6.533485632550089e-06,6.533485632550089e-06,6.533485632550089e-06,1m,1759829880,0.0,usd,2025-10-07,1m
2qgURia1oejhtngnt3cpUXyiKyguaTjEKQPQcmd5pump,6.533485632550089e-06,6.533485632550089e-06,6.533485632550089e-06,6.533485632550089e-06,1m,1759829940,0.0,usd,2025-10-07,1m
2qgURia1oejhtngnt3cpUXyiKyguaTjEKQPQcmd5pump,6.533485632550089e-06,6.533485632550089e-06,6.533485632550089e-06,6.533485632550089e-06,1m,1759830000,0.0,usd,2025-10-07,1m
2qgURia1oejhtngnt3cpUXyiKyguaTjEKQPQcmd5pump,6.533485632550089e-06,6.533485632550089e-06,6.533485632550089e-06,6.533485632550089e-06,1m,1759830060,0.0,usd,2025-10-07,1m
2qgURia1oejhtngnt3cpUXyiKyguaTjEKQPQcmd5pump,6.533485632550089e-06,6.533485632550089e-06,6.533485632550089e-06,6.533485632550089e-06,1m,1759830120,0.0,usd,2025-10-07,1m
2qgURia1oejhtngnt3cpUXyiKyguaTjEKQPQcmd5pump,6.533485632550089e-06,6.533485632550089e-06,6.533485632550089e-06,6.533485632550089e-06,1m,1759830180,0.0,usd,2025-10-07,1m
2qgURia1oejhtngnt3cpUXyiKyguaTjEKQPQcmd5pump,6.533485632550089e-06,6.533485632550089e-06,6.533485632550089e-06,6.533485632550089e-06,1m,1759830240,0.0,usd,2025-10-07,1m
2qgURia1oejhtngnt3cpUXyiKyguaTjEKQPQcmd5pump,6.533485632550089e-06,6.533485632550089e-06,6.533485632550089e-06,6.533485632550089e-06,1m,1759830300,0.0,usd,2025-10-07,1m
2qgURia1oejhtngnt3cpUXyiKyguaTjEKQPQcmd5pump,6.533485632550089e-06,6.533485632550089e-06,6.533485632550089e-06,6.533485632550089e-06,1m,1759830360,0.0,usd,2025-10-07,1m
2qgURia1oejhtngnt3cpUXyiKyguaTjEKQPQcmd5pump,6.533485632550089e-06,6.533485632550089e-06,6.533485632550089e-06,6.533485632550089e-06,1m,1759830420,0.0,usd,2025-10-07,1m
2qgURia1oejhtngnt3cpUXyiKyguaTjEKQPQcmd5pump,6.533485632550089e-06,6.533485632550089e-06,6.533485632550089e-06,6.533485632550089e-06,1m,1759830480,0.0,usd,2025-10-07,1m
2qgURia1oejhtngnt3cpUXyiKyguaTjEKQPQcmd5pump,6.533485632550089e-06,6.533485632550089e-06,6.533485632550089e-06,6.533485632550089e-06,1m,1759830540,0.0,usd,2025-10-07,1m
2qgURia1oejhtngnt3cpUXyiKyguaTjEKQPQcmd5pump,6.533485632550089e-06,6.533485632550089e-06,6.533485632550089e-06,6.533485632550089e-06,1m,1759830600,0.0,usd,2025-10-07,1m
2qgURia1oejhtngnt3cpUXyiKyguaTjEKQPQcmd5pump,6.533485632550089e-06,6.533485632550089e-06,6.533485632550089e-06,6.533485632550089e-06,1m,1759830660,0.0,usd,2025-10-07,1m
2qgURia1oejhtngnt3cpUXyiKyguaTjEKQPQcmd5pump,6.533485632550089e-06,6.533485632550089e-06,6.533485632550089e-06,6.533485632550089e-06,1m,1759830720,0.0,usd,2025-10-07,1m
2qgURia1oejhtngnt3cpUXyiKyguaTjEKQPQcmd5pump,6.533485632550089e-06,6.533485632550089e-06,6.533485632550089e-06,6.533485632550089e-06,1m,1759830780,0.0,usd,2025-10-07,1m
2qgURia1oejhtngnt3cpUXyiKyguaTjEKQPQcmd5pump,6.533485632550089e-06,6.533485632550089e-06,6.533485632550089e-06,6.533485632550089e-06,1m,1759830840,0.0,usd,2025-10-07,1m
2qgURia1oejhtngnt3cpUXyiKyguaTjEKQPQcmd5pump,6.533485632550089e-06,6.533485632550089e-06,6.533485632550089e-06,6.533485632550089e-06,1m,1759830900,0.0,usd,2025-10-07,1m
2qgURia1oejhtngnt3cpUXyiKyguaTjEKQPQcmd5pump,6.533485632550089e-06,6.533485632550089e-06,6.533485632550089e-06,6.533485632550089e-06,1m,1759830960,0.0,usd,2025-10-07,1m
2qgURia1oejhtngnt3cpUXyiKyguaTjEKQPQcmd5pump,6.533485632550089e-06,6.533485632550089e-06,6.533485632550089e-06,6.533485632550089e-06,1m,1759831020,0.0,usd,2025-10-07,1m
2qgURia1oejhtngnt3cpUXyiKyguaTjEKQPQcmd5pump,6.533485632550089e-06,6.533485632550089e-06,6.533485632550089e-06,6.533485632550089e-06,1m,1759831080,0.0,usd,2025-10-07,1m
2qgURia1oejhtngnt3cpUXyiKyguaTjEKQPQcmd5pump,6.533485632550089e-06,6.533485632550089e-06,6.533485632550089e-06,6.533485632550089e-06,1m,1759831140,0.0,usd,2025-10-07,1m
2qgURia1oejhtngnt3cpUXyiKyguaTjEKQPQcmd5pump,6.533485632550089e-06,6.533485632550089e-06,6.533485632550089e-06,6.533485632550089e-06,1m,1759831200,0.0,usd,2025-10-07,1m
2qgURia1oejhtngnt3cpUXyiKyguaTjEKQPQcmd5pump,6.533485632550089e-06,6.533485632550089e-06,6.533485632550089e-06,6.533485632550089e-06,1m,1759831260,0.0,usd,2025-10-07,1m
2qgURia1oejhtngnt3cpUXyiKyguaTjEKQPQcmd5pump,6.533485632550089e-06,6.533485632550089e-06,6.533485632550089e-06,6.533485632550089e-06,1m,1759831320,0.0,usd,2025-10-07,1m
2qgURia1oejhtngnt3cpUXyiKyguaTjEKQPQcmd5pump,6.533485632550089e-06,6.533485632550089e-06,6.533485632550089e-06,6.533485632550089e-06,1m,1759831380,0.0,usd,2025-10-07,1m
2qgURia1oejhtngnt3cpUXyiKyguaTjEKQPQcmd5pump,6.533485632550089e-06,6.533485632550089e-06,6.533485632550089e-06,6.533485632550089e-06,1m,1759831440,0.0,usd,2025-10-07,1m
2qgURia1oejhtngnt3cpUXyiKyguaTjEKQPQcmd5pump,6.533485632550089e-06,6.533485632550089e-06,6.533485632550089e-06,6.533485632550089e-06,1m,1759831500,0.0,usd,2025-10-07,1m
2qgURia1oejhtngnt3cpUXyiKyguaTjEKQPQcmd5pump,6.533485632550089e-06,6.533485632550089e-06,6.533485632550089e-06,6.533485632550089e-06,1m,1759831560,0.0,usd,2025-10-07,1m
2qgURia1oejhtngnt3cpUXyiKyguaTjEKQPQcmd5pump,6.533485632550089e-06,6.533485632550089e-06,6.533485632550089e-06,6.533485632550089e-06,1m,1759831620,0.0,usd,2025-10-07,1m
2qgURia1oejhtngnt3cpUXyiKyguaTjEKQPQcmd5pump,6.533485632550089e-06,6.533485632550089e-06,6.533485632550089e-06,6.533485632550089e-06,1m,1759831680,0.0,usd,2025-10-07,1m
2qgURia1oejhtngnt3cpUXyiKyguaTjEKQPQcmd5pump,6.533485632550089e-06,6.533485632550089e-06,6.533485632550089e-06,6.533485632550089e-06,1m,1759831740,0.0,usd,2025-10-07,1m
2qgURia1oejhtngnt3cpUXyiKyguaTjEKQPQcmd5pump,6.533485632550089e-06,6.533485632550089e-06,6.533485632550089e-06,6.533485632550089e-06,1m,1759831800,0.0,usd,2025-10-07,1m
2qgURia1oejhtngnt3cpUXyiKyguaTjEKQPQcmd5pump,6.533485632550089e-06,6.533485632550089e-06,6.533485632550089e-06,6.533485632550089e-06,1m,1759831860,0.0,usd,2025-10-07,1m
2qgURia1oejhtngnt3cpUXyiKyguaTjEKQPQcmd5pump,6.533485632550089e-06,6.533485632550089e-06,6.533485632550089e-06,6.533485632550089e-06,1m,1759831920,0.0,usd,2025-10-07,1m
2qgURia1oejhtngnt3cpUXyiKyguaTjEKQPQcmd5pump,6.533485632550089e-06,6.533485632550089e-06,6.533485632550089e-06,6.533485632550089e-06,1m,1759831980,0.0,usd,2025-10-07,1m
2qgURia1oejhtngnt3cpUXyiKyguaTjEKQPQcmd5pump,6.533485632550089e-06,6.533485632550089e-06,6.533485632550089e-06,6.533485632550089e-06,1m,1759832040,0.0,usd,2025-10-07,1m
2qgURia1oejhtngnt3cpUXyiKyguaTjEKQPQcmd5pump,6.533485632550089e-06,6.533485632550089e-06,6.533485632550089e-06,6.533485632550089e-06,1m,1759832100,0.0,usd,2025-10-07,1m
2qgURia1oejhtngnt3cpUXyiKyguaTjEKQPQcmd5pump,6.533485632550089e-06,6.533485632550089e-06,6.533485632550089e-06,6.533485632550089e-06,1m,1759832160,0.0,usd,2025-10-07,1m
2qgURia1oejhtngnt3cpUXyiKyguaTjEKQPQcmd5pump,6.533485632550089e-06,6.533485632550089e-06,6.533485632550089e-06,6.533485632550089e-06,1m,1759832220,0.0,usd,2025-10-07,1m
2qgURia1oejhtngnt3cpUXyiKyguaTjEKQPQcmd5pump,6.533485632550089e-06,6.533485632550089e-06,6.533485632550089e-06,6.533485632550089e-06,1m,1759832280,0.0,usd,2025-10-07,1m
2qgURia1oejhtngnt3cpUXyiKyguaTjEKQPQcmd5pump,6.533485632550089e-06,6.533485632550089e-06,6.533485632550089e-06,6.533485632550089e-06,1m,1759832340,0.0,usd,2025-10-07,1m
2qgURia1oejhtngnt3cpUXyiKyguaTjEKQPQcmd5pump,6.533485632550089e-06,6.533485632550089e-06,6.533485632550089e-06,6.533485632550089e-06,1m,1759832400,0.0,usd,2025-10-07,1m
2qgURia1oejhtngnt3cpUXyiKyguaTjEKQPQcmd5pump,6.533485632550089e-06,6.533485632550089e-06,6.533485632550089e-06,6.533485632550089e-06,1m,1759832460,0.0,usd,2025-10-07,1m
2qgURia1oejhtngnt3cpUXyiKyguaTjEKQPQcmd5pump,6.533485632550089e-06,6.533485632550089e-06,6.533485632550089e-06,6.533485632550089e-06,1m,1759832520,0.0,usd,2025-10-07,1m
2qgURia1oejhtngnt3cpUXyiKyguaTjEKQPQcmd5pump,6.533485632550089e-06,6.533485632550089e-06,6.533485632550089e-06,6.533485632550089e-06,1m,1759832580,0.0,usd,2025-10-07,1m
2qgURia1oejhtngnt3cpUXyiKyguaTjEKQPQcmd5pump,6.533485632550089e-06,6.533485632550089e-06,6.533485632550089e-06,6.533485632550089e-06,1m,1759832640,0.0,usd,2025-10-07,1m
2qgURia1oejhtngnt3cpUXyiKyguaTjEKQPQcmd5pump,6.533485632550089e-06,6.533485632550089e-06,6.533485632550089e-06,6.533485632550089e-06,1m,1759832700,0.0,usd,2025-10-07,1m
2qgURia1oejhtngnt3cpUXyiKyguaTjEKQPQcmd5pump,6.533485632550089e-06,6.533485632550089e-06,6.533485632550089e-06,6.533485632550089e-06,1m,1759832760,0.0,usd,2025-10-07,1m
2qgURia1oejhtngnt3cpUXyiKyguaTjEKQPQcmd5pump,6.533485632550089e-06,6.533485632550089e-06,6.533485632550089e-06,6.533485632550089e-06,1m,1759832820,0.0,usd,2025-10-07,1m
2qgURia1oejhtngnt3cpUXyiKyguaTjEKQPQcmd5pump,6.533485632550089e-06,6.533485632550089e-06,6.533485632550089e-06,6.533485632550089e-06,1m,1759832880,0.0,usd,2025-10-07,1m
2qgURia1oejhtngnt3cpUXyiKyguaTjEKQPQcmd5pump,6.533485632550089e-06,6.533485632550089e-06,6.533485632550089e-06,6.533485632550089e-06,1m,1759832940,0.0,usd,2025-10-07,1m
2qgURia1oejhtngnt3cpUXyiKyguaTjEKQPQcmd5pump,6.533485632550089e-06,6.533485632550089e-06,6.533485632550089e-06,6.533485632550089e-06,1m,1759833000,0.0,usd,2025-10-07,1m
2qgURia1oejhtngnt3cpUXyiKyguaTjEKQPQcmd5pump,6.533485632550089e-06,6.533485632550089e-06,6.533485632550089e-06,6.533485632550089e-06,1m,1759833060,0.0,usd,2025-10-07,1m
2qgURia1oejhtngnt3cpUXyiKyguaTjEKQPQcmd5pump,6.533485632550089e-06,6.533485632550089e-06,6.533485632550089e-06,6.533485632550089e-06,1m,1759833120,0.0,usd,2025-10-07,1m
2qgURia1oejhtngnt3cpUXyiKyguaTjEKQPQcmd5pump,6.533485632550089e-06,6.533485632550089e-06,6.533485632550089e-06,6.533485632550089e-06,1m,1759833180,0.0,usd,2025-10-07,1m
2qgURia1oejhtngnt3cpUXyiKyguaTjEKQPQcmd5pump,6.533485632550089e-06,6.533485632550089e-06,6.533485632550089e-06,6.533485632550089e-06,1m,1759833240,0.0,usd,2025-10-07,1m
2qgURia1oejhtngnt3cpUXyiKyguaTjEKQPQcmd5pump,6.533485632550089e-06,6.533485632550089e-06,6.533485632550089e-06,6.533485632550089e-06,1m,1759833300,0.0,usd,2025-10-07,1m
2qgURia1oejhtngnt3cpUXyiKyguaTjEKQPQcmd5pump,6.533485632550089e-06,6.533485632550089e-06,6.533485632550089e-06,6.533485632550089e-06,1m,1759833360,0.0,usd,2025-10-07,1m
2qgURia1oejhtngnt3cpUXyiKyguaTjEKQPQcmd5pump,6.533485632550089e-06,6.533485632550089e-06,6.533485632550089e-06,6.533485632550089e-06,1m,1759833420,0.0,usd,2025-10-07,1m
2qgURia1oejhtngnt3cpUXyiKyguaTjEKQPQcmd5pump,6.533485632550089e-06,6.533485632550089e-06,6.533485632550089e-06,6.533485632550089e-06,1m,1759833480,0.0,usd,2025-10-07,1m
2qgURia1oejhtngnt3cpUXyiKyguaTjEKQPQcmd5pump,6.533485632550089e-06,6.533485632550089e-06,6.533485632550089e-06,6.533485632550089e-06,1m,1759833540,0.0,usd,2025-10-07,1m
2qgURia1oejhtngnt3cpUXyiKyguaTjEKQPQcmd5pump,6.533485632550089e-06,6.533485632550089e-06,6.533485632550089e-06,6.533485632550089e-06,1m,1759833600,0.0,usd,2025-10-07,1m
2qgURia1oejhtngnt3cpUXyiKyguaTjEKQPQcmd5pump,6.533485632550089e-06,6.533485632550089e-06,6.533485632550089e-06,6.533485632550089e-06,1m,1759833660,0.0,usd,2025-10-07,1m
2qgURia1oejhtngnt3cpUXyiKyguaTjEKQPQcmd5pump,6.533485632550089e-06,6.533485632550089e-06,6.533485632550089e-06,6.533485632550089e-06,1m,1759833720,0.0,usd,2025-10-07,1m
2qgURia1oejhtngnt3cpUXyiKyguaTjEKQPQcmd5pump,6.533485632550089e-06,6.533485632550089e-06,6.533485632550089e-06,6.533485632550089e-06,1m,1759833780,0.0,usd,2025-10-07,1m
2qgURia1oejhtngnt3cpUXyiKyguaTjEKQPQcmd5pump,6.533485632550089e-06,6.533485632550089e-06,6.533485632550089e-06,6.533485632550089e-06,1m,1759833840,0.0,usd,2025-10-07,1m
2qgURia1oejhtngnt3cpUXyiKyguaTjEKQPQcmd5pump,6.533485632550089e-06,6.533485632550089e-06,6.533485632550089e-06,6.533485632550089e-06,1m,1759833900,0.0,usd,2025-10-07,1m
2qgURia1oejhtngnt3cpUXyiKyguaTjEKQPQcmd5pump,6.533485632550089e-06,6.533485632550089e-06,6.533485632550089e-06,6.533485632550089e-06,1m,1759833960,0.0,usd,2025-10-07,1m
2qgURia1oejhtngnt3cpUXyiKyguaTjEKQPQcmd5pump,6.533485632550089e-06,6.533485632550089e-06,6.533485632550089e-06,6.533485632550089e-06,1m,1759834020,0.0,usd,2025-10-07,1m
2qgURia1oejhtngnt3cpUXyiKyguaTjEKQPQcmd5pump,6.533485632550089e-06,6.533485632550089e-06,6.533485632550089e-06,6.533485632550089e-06,1m,1759834080,0.0,usd,2025-10-07,1m
2qgURia1oejhtngnt3cpUXyiKyguaTjEKQPQcmd5pump,6.533485632550089e-06,6.533485632550089e-06,6.533485632550089e-06,6.533485632550089e-06,1m,1759834140,0.0,usd,2025-10-07,1m
2qgURia1oejhtngnt3cpUXyiKyguaTjEKQPQcmd5pump,6.533485632550089e-06,6.533485632550089e-06,6.533485632550089e-06,6.533485632550089e-06,1m,1759834200,0.0,usd,2025-10-07,1m
2qgURia1oejhtngnt3cpUXyiKyguaTjEKQPQcmd5pump,6.533485632550089e-06,6.533485632550089e-06,6.533485632550089e-06,6.533485632550089e-06,1m,1759834260,0.0,usd,2025-10-07,1m
2qgURia1oejhtngnt3cpUXyiKyguaTjEKQPQcmd5pump,6.533485632550089e-06,6.533485632550089e-06,6.533485632550089e-06,6.533485632550089e-06,1m,1759834320,0.0,usd,2025-10-07,1m
2qgURia1oejhtngnt3cpUXyiKyguaTjEKQPQcmd5pump,6.533485632550089e-06,6.533485632550089e-06,6.533485632550089e-06,6.533485632550089e-06,1m,1759834380,0.0,usd,2025-10-07,1m
2qgURia1oejhtngnt3cpUXyiKyguaTjEKQPQcmd5pump,6.533485632550089e-06,6.533485632550089e-06,6.533485632550089e-06,6.533485632550089e-06,1m,1759834440,0.0,usd,2025-10-07,1m
2qgURia1oejhtngnt3cpUXyiKyguaTjEKQPQcmd5pump,6.533485632550089e-06,6.533485632550089e-06,6.533485632550089e-06,6.533485632550089e-06,1m,1759834500,0.0,usd,2025-10-07,1m
2qgURia1oejhtngnt3cpUXyiKyguaTjEKQPQcmd5pump,6.533485632550089e-06,6.533485632550089e-06,6.533485632550089e-06,6.533485632550089e-06,1m,1759834560,0.0,usd,2025-10-07,1m
2qgURia1oejhtngnt3cpUXyiKyguaTjEKQPQcmd5pump,6.533485632550089e-06,6.533485632550089e-06,6.533485632550089e-06,6.533485632550089e-06,1m,1759834620,0.0,usd,2025-10-07,1m
2qgURia1oejhtngnt3cpUXyiKyguaTjEKQPQcmd5pump,6.533485632550089e-06,6.533485632550089e-06,6.533485632550089e-06,6.533485632550089e-06,1m,1759834680,0.0,usd,2025-10-07,1m
2qgURia1oejhtngnt3cpUXyiKyguaTjEKQPQcmd5pump,6.533485632550089e-06,6.533485632550089e-06,6.533485632550089e-06,6.533485632550089e-06,1m,1759834740,0.0,usd,2025-10-07,1m
2qgURia1oejhtngnt3cpUXyiKyguaTjEKQPQcmd5pump,6.533485632550089e-06,6.533485632550089e-06,6.533485632550089e-06,6.533485632550089e-06,1m,1759834800,0.0,usd,2025-10-07,1m
2qgURia1oejhtngnt3cpUXyiKyguaTjEKQPQcmd5pump,6.533485632550089e-06,6.533485632550089e-06,6.533485632550089e-06,6.533485632550089e-06,1m,1759834860,0.0,usd,2025-10-07,1m
2qgURia1oejhtngnt3cpUXyiKyguaTjEKQPQcmd5pump,6.533485632550089e-06,6.533485632550089e-06,6.533485632550089e-06,6.533485632550089e-06,1m,1759834920,0.0,usd,2025-10-07,1m
2qgURia1oejhtngnt3cpUXyiKyguaTjEKQPQcmd5pump,6.533485632550089e-06,6.533485632550089e-06,6.533485632550089e-06,6.533485632550089e-06,1m,1759834980,0.0,usd,2025-10-07,1m
2qgURia1oejhtngnt3cpUXyiKyguaTjEKQPQcmd5pump,6.533485632550089e-06,6.533485632550089e-06,6.533485632550089e-06,6.533485632550089e-06,1m,1759835040,0.0,usd,2025-10-07,1m
2qgURia1oejhtngnt3cpUXyiKyguaTjEKQPQcmd5pump,6.533485632550089e-06,6.533485632550089e-06,6.533485632550089e-06,6.533485632550089e-06,1m,1759835100,0.0,usd,2025-10-07,1m
2qgURia1oejhtngnt3cpUXyiKyguaTjEKQPQcmd5pump,6.533485632550089e-06,6.533485632550089e-06,6.533485632550089e-06,6.533485632550089e-06,1m,1759835160,0.0,usd,2025-10-07,1m
2qgURia1oejhtngnt3cpUXyiKyguaTjEKQPQcmd5pump,6.533485632550089e-06,6.533485632550089e-06,6.533485632550089e-06,6.533485632550089e-06,1m,1759835220,0.0,usd,2025-10-07,1m
2qgURia1oejhtngnt3cpUXyiKyguaTjEKQPQcmd5pump,6.533485632550089e-06,6.533485632550089e-06,6.533485632550089e-06,6.533485632550089e-06,1m,1759835280,0.0,usd,2025-10-07,1m
2qgURia1oejhtngnt3cpUXyiKyguaTjEKQPQcmd5pump,6.533485632550089e-06,6.533485632550089e-06,6.533485632550089e-06,6.533485632550089e-06,1m,1759835340,0.0,usd,2025-10-07,1m
2qgURia1oejhtngnt3cpUXyiKyguaTjEKQPQcmd5pump,6.533485632550089e-06,6.533485632550089e-06,6.533485632550089e-06,6.533485632550089e-06,1m,1759835400,0.0,usd,2025-10-07,1m
2qgURia1oejhtngnt3cpUXyiKyguaTjEKQPQcmd5pump,6.533485632550089e-06,6.533485632550089e-06,6.533485632550089e-06,6.533485632550089e-06,1m,1759835460,0.0,usd,2025-10-07,1m
2qgURia1oejhtngnt3cpUXyiKyguaTjEKQPQcmd5pump,6.533485632550089e-06,6.533485632550089e-06,6.533485632550089e-06,6.533485632550089e-06,1m,1759835520,0.0,usd,2025-10-07,1m
2qgURia1oejhtngnt3cpUXyiKyguaTjEKQPQcmd5pump,6.533485632550089e-06,6.533485632550089e-06,6.533485632550089e-06,6.533485632550089e-06,1m,1759835580,0.0,usd,2025-10-07,1m
2qgURia1oejhtngnt3cpUXyiKyguaTjEKQPQcmd5pump,6.533485632550089e-06,6.533485632550089e-06,6.533485632550089e-06,6.533485632550089e-06,1m,1759835640,0.0,usd,2025-10-07,1m
2qgURia1oejhtngnt3cpUXyiKyguaTjEKQPQcmd5pump,6.533485632550089e-06,6.533485632550089e-06,6.533485632550089e-06,6.533485632550089e-06,1m,1759835700,0.0,usd,2025-10-07,1m
2qgURia1oejhtngnt3cpUXyiKyguaTjEKQPQcmd5pump,6.533485632550089e-06,6.533485632550089e-06,6.533485632550089e-06,6.533485632550089e-06,1m,1759835760,0.0,usd,2025-10-07,1m
2qgURia1oejhtngnt3cpUXyiKyguaTjEKQPQcmd5pump,6.533485632550089e-06,6.533485632550089e-06,6.533485632550089e-06,6.533485632550089e-06,1m,1759835820,0.0,usd,2025-10-07,1m
2qgURia1oejhtngnt3cpUXyiKyguaTjEKQPQcmd5pump,6.533485632550089e-06,6.533485632550089e-06,6.533485632550089e-06,6.533485632550089e-06,1m,1759835880,0.0,usd,2025-10-07,1m
2qgURia1oejhtngnt3cpUXyiKyguaTjEKQPQcmd5pump,6.533485632550089e-06,6.533485632550089e-06,6.533485632550089e-06,6.533485632550089e-06,1m,1759835940,0.0,usd,2025-10-07,1m
2qgURia1oejhtngnt3cpUXyiKyguaTjEKQPQcmd5pump,6.533485632550089e-06,6.533485632550089e-06,6.533485632550089e-06,6.533485632550089e-06,1m,1759836000,0.0,usd,2025-10-07,1m
2qgURia1oejhtngnt3cpUXyiKyguaTjEKQPQcmd5pump,6.533485632550089e-06,6.533485632550089e-06,6.533485632550089e-06,6.533485632550089e-06,1m,1759836060,0.0,usd,2025-10-07,1m
2qgURia1oejhtngnt3cpUXyiKyguaTjEKQPQcmd5pump,6.533485632550089e-06,6.533485632550089e-06,6.533485632550089e-06,6.533485632550089e-06,1m,1759836120,0.0,usd,2025-10-07,1m
2qgURia1oejhtngnt3cpUXyiKyguaTjEKQPQcmd5pump,6.533485632550089e-06,6.533485632550089e-06,6.533485632550089e-06,6.533485632550089e-06,1m,1759836180,0.0,usd,2025-10-07,1m
2qgURia1oejhtngnt3cpUXyiKyguaTjEKQPQcmd5pump,6.533485632550089e-06,6.533485632550089e-06,6.533485632550089e-06,6.533485632550089e-06,1m,1759836240,0.0,usd,2025-10-07,1m
2qgURia1oejhtngnt3cpUXyiKyguaTjEKQPQcmd5pump,6.533485632550089e-06,6.533485632550089e-06,6.533485632550089e-06,6.533485632550089e-06,1m,1759836300,0.0,usd,2025-10-07,1m
2qgURia1oejhtngnt3cpUXyiKyguaTjEKQPQcmd5pump,6.533485632550089e-06,6.533485632550089e-06,6.533485632550089e-06,6.533485632550089e-06,1m,1759836360,0.0,usd,2025-10-07,1m
2qgURia1oejhtngnt3cpUXyiKyguaTjEKQPQcmd5pump,6.533485632550089e-06,6.533485632550089e-06,6.533485632550089e-06,6.533485632550089e-06,1m,1759836420,0.0,usd,2025-10-07,1m
2qgURia1oejhtngnt3cpUXyiKyguaTjEKQPQcmd5pump,6.533485632550089e-06,6.533485632550089e-06,6.533485632550089e-06,6.533485632550089e-06,1m,1759836480,0.0,usd,2025-10-07,1m
2qgURia1oejhtngnt3cpUXyiKyguaTjEKQPQcmd5pump,6.533485632550089e-06,6.533485632550089e-06,6.533485632550089e-06,6.533485632550089e-06,1m,1759836540,0.0,usd,2025-10-07,1m
2qgURia1oejhtngnt3cpUXyiKyguaTjEKQPQcmd5pump,6.533485632550089e-06,6.533485632550089e-06,6.533485632550089e-06,6.533485632550089e-06,1m,1759836600,0.0,usd,2025-10-07,1m
2qgURia1oejhtngnt3cpUXyiKyguaTjEKQPQcmd5pump,6.533485632550089e-06,6.533485632550089e-06,6.533485632550089e-06,6.533485632550089e-06,1m,1759836660,0.0,usd,2025-10-07,1m
2qgURia1oejhtngnt3cpUXyiKyguaTjEKQPQcmd5pump,6.533485632550089e-06,6.533485632550089e-06,6.533485632550089e-06,6.533485632550089e-06,1m,1759836720,0.0,usd,2025-10-07,1m
2qgURia1oejhtngnt3cpUXyiKyguaTjEKQPQcmd5pump,6.533485632550089e-06,6.533485632550089e-06,6.533485632550089e-06,6.533485632550089e-06,1m,1759836780,0.0,usd,2025-10-07,1m
2qgURia1oejhtngnt3cpUXyiKyguaTjEKQPQcmd5pump,6.533485632550089e-06,6.533485632550089e-06,6.533485632550089e-06,6.533485632550089e-06,1m,1759836840,0.0,usd,2025-10-07,1m
2qgURia1oejhtngnt3cpUXyiKyguaTjEKQPQcmd5pump,6.533485632550089e-06,6.533485632550089e-06,6.533485632550089e-06,6.533485632550089e-06,1m,1759836900,0.0,usd,2025-10-07,1m
2qgURia1oejhtngnt3cpUXyiKyguaTjEKQPQcmd5pump,6.533485632550089e-06,6.533485632550089e-06,6.533485632550089e-06,6.533485632550089e-06,1m,1759836960,0.0,usd,2025-10-07,1m
2qgURia1oejhtngnt3cpUXyiKyguaTjEKQPQcmd5pump,6.533485632550089e-06,6.533485632550089e-06,6.533485632550089e-06,6.533485632550089e-06,1m,1759837020,0.0,usd,2025-10-07,1m
2qgURia1oejhtngnt3cpUXyiKyguaTjEKQPQcmd5pump,6.533485632550089e-06,6.533485632550089e-06,6.533485632550089e-06,6.533485632550089e-06,1m,1759837080,0.0,usd,2025-10-07,1m
2qgURia1oejhtngnt3cpUXyiKyguaTjEKQPQcmd5pump,6.533485632550089e-06,6.533485632550089e-06,6.533485632550089e-06,6.533485632550089e-06,1m,1759837140,0.0,usd,2025-10-07,1m
2qgURia1oejhtngnt3cpUXyiKyguaTjEKQPQcmd5pump,6.533485632550089e-06,6.533485632550089e-06,6.533485632550089e-06,6.533485632550089e-06,1m,1759837200,0.0,usd,2025-10-07,1m
2qgURia1oejhtngnt3cpUXyiKyguaTjEKQPQcmd5pump,6.533485632550089e-06,6.533485632550089e-06,6.533485632550089e-06,6.533485632550089e-06,1m,1759837260,0.0,usd,2025-10-07,1m
2qgURia1oejhtngnt3cpUXyiKyguaTjEKQPQcmd5pump,6.533485632550089e-06,6.533485632550089e-06,6.533485632550089e-06,6.533485632550089e-06,1m,1759837320,0.0,usd,2025-10-07,1m
2qgURia1oejhtngnt3cpUXyiKyguaTjEKQPQcmd5pump,6.533485632550089e-06,6.533485632550089e-06,6.533485632550089e-06,6.533485632550089e-06,1m,1759837380,0.0,usd,2025-10-07,1m
2qgURia1oejhtngnt3cpUXyiKyguaTjEKQPQcmd5pump,6.533485632550089e-06,6.533485632550089e-06,6.533485632550089e-06,6.533485632550089e-06,1m,1759837440,0.0,usd,2025-10-07,1m
2qgURia1oejhtngnt3cpUXyiKyguaTjEKQPQcmd5pump,6.533485632550089e-06,6.533485632550089e-06,6.533485632550089e-06,6.533485632550089e-06,1m,1759837500,0.0,usd,2025-10-07,1m
2qgURia1oejhtngnt3cpUXyiKyguaTjEKQPQcmd5pump,6.533485632550089e-06,6.533485632550089e-06,6.533485632550089e-06,6.533485632550089e-06,1m,1759837560,0.0,usd,2025-10-07,1m
2qgURia1oejhtngnt3cpUXyiKyguaTjEKQPQcmd5pump,6.533485632550089e-06,6.533485632550089e-06,6.533485632550089e-06,6.533485632550089e-06,1m,1759837620,0.0,usd,2025-10-07,1m
2qgURia1oejhtngnt3cpUXyiKyguaTjEKQPQcmd5pump,6.533485632550089e-06,6.533485632550089e-06,6.533485632550089e-06,6.533485632550089e-06,1m,1759837680,0.0,usd,2025-10-07,1m
2qgURia1oejhtngnt3cpUXyiKyguaTjEKQPQcmd5pump,6.533485632550089e-06,6.533485632550089e-06,6.533485632550089e-06,6.533485632550089e-06,1m,1759837740,0.0,usd,2025-10-07,1m
2qgURia1oejhtngnt3cpUXyiKyguaTjEKQPQcmd5pump,6.533485632550089e-06,6.533485632550089e-06,6.533485632550089e-06,6.533485632550089e-06,1m,1759837800,0.0,usd,2025-10-07,1m
2qgURia1oejhtngnt3cpUXyiKyguaTjEKQPQcmd5pump,6.533485632550089e-06,6.533485632550089e-06,6.533485632550089e-06,6.533485632550089e-06,1m,1759837860,0.0,usd,2025-10-07,1m
2qgURia1oejhtngnt3cpUXyiKyguaTjEKQPQcmd5pump,6.533485632550089e-06,6.533485632550089e-06,6.533485632550089e-06,6.533485632550089e-06,1m,1759837920,0.0,usd,2025-10-07,1m
2qgURia1oejhtngnt3cpUXyiKyguaTjEKQPQcmd5pump,6.533485632550089e-06,6.533485632550089e-06,6.533485632550089e-06,6.533485632550089e-06,1m,1759837980,0.0,usd,2025-10-07,1m
2qgURia1oejhtngnt3cpUXyiKyguaTjEKQPQcmd5pump,6.533485632550089e-06,6.533485632550089e-06,6.533485632550089e-06,6.533485632550089e-06,1m,1759838040,0.0,usd,2025-10-07,1m
2qgURia1oejhtngnt3cpUXyiKyguaTjEKQPQcmd5pump,6.533485632550089e-06,6.533485632550089e-06,6.533485632550089e-06,6.533485632550089e-06,1m,1759838100,0.0,usd,2025-10-07,1m
2qgURia1oejhtngnt3cpUXyiKyguaTjEKQPQcmd5pump,6.533485632550089e-06,6.533485632550089e-06,6.533485632550089e-06,6.533485632550089e-06,1m,1759838160,0.0,usd,2025-10-07,1m
2qgURia1oejhtngnt3cpUXyiKyguaTjEKQPQcmd5pump,6.533485632550089e-06,6.533485632550089e-06,6.533485632550089e-06,6.533485632550089e-06,1m,1759838220,0.0,usd,2025-10-07,1m
2qgURia1oejhtngnt3cpUXyiKyguaTjEKQPQcmd5pump,6.533485632550089e-06,6.533485632550089e-06,6.533485632550089e-06,6.533485632550089e-06,1m,1759838280,0.0,usd,2025-10-07,1m
2qgURia1oejhtngnt3cpUXyiKyguaTjEKQPQcmd5pump,6.533485632550089e-06,6.533485632550089e-06,6.533485632550089e-06,6.533485632550089e-06,1m,1759838340,0.0,usd,2025-10-07,1m
2qgURia1oejhtngnt3cpUXyiKyguaTjEKQPQcmd5pump,6.533485632550089e-06,6.533485632550089e-06,6.533485632550089e-06,6.533485632550089e-06,1m,1759838400,0.0,usd,2025-10-07,1m
2qgURia1oejhtngnt3cpUXyiKyguaTjEKQPQcmd5pump,6.533485632550089e-06,6.533485632550089e-06,6.533485632550089e-06,6.533485632550089e-06,1m,1759838460,0.0,usd,2025-10-07,1m
2qgURia1oejhtngnt3cpUXyiKyguaTjEKQPQcmd5pump,6.533485632550089e-06,6.533485632550089e-06,6.533485632550089e-06,6.533485632550089e-06,1m,1759838520,0.0,usd,2025-10-07,1m
2qgURia1oejhtngnt3cpUXyiKyguaTjEKQPQcmd5pump,6.533485632550089e-06,6.533485632550089e-06,6.533485632550089e-06,6.533485632550089e-06,1m,1759838580,0.0,usd,2025-10-07,1m
2qgURia1oejhtngnt3cpUXyiKyguaTjEKQPQcmd5pump,6.533485632550089e-06,6.533485632550089e-06,6.533485632550089e-06,6.533485632550089e-06,1m,1759838640,0.0,usd,2025-10-07,1m
2qgURia1oejhtngnt3cpUXyiKyguaTjEKQPQcmd5pump,6.533485632550089e-06,6.533485632550089e-06,6.533485632550089e-06,6.533485632550089e-06,1m,1759838700,0.0,usd,2025-10-07,1m
2qgURia1oejhtngnt3cpUXyiKyguaTjEKQPQcmd5pump,6.533485632550089e-06,6.533485632550089e-06,6.533485632550089e-06,6.533485632550089e-06,1m,1759838760,0.0,usd,2025-10-07,1m
2qgURia1oejhtngnt3cpUXyiKyguaTjEKQPQcmd5pump,6.533485632550089e-06,6.533485632550089e-06,6.533485632550089e-06,6.533485632550089e-06,1m,1759838820,0.0,usd,2025-10-07,1m
2qgURia1oejhtngnt3cpUXyiKyguaTjEKQPQcmd5pump,6.533485632550089e-06,6.533485632550089e-06,6.533485632550089e-06,6.533485632550089e-06,1m,1759838880,0.0,usd,2025-10-07,1m
2qgURia1oejhtngnt3cpUXyiKyguaTjEKQPQcmd5pump,6.533485632550089e-06,6.533485632550089e-06,6.533485632550089e-06,6.533485632550089e-06,1m,1759838940,0.0,usd,2025-10-07,1m
2qgURia1oejhtngnt3cpUXyiKyguaTjEKQPQcmd5pump,6.533485632550089e-06,6.533485632550089e-06,6.533485632550089e-06,6.533485632550089e-06,1m,1759839000,0.0,usd,2025-10-07,1m
2qgURia1oejhtngnt3cpUXyiKyguaTjEKQPQcmd5pump,6.533485632550089e-06,6.533485632550089e-06,6.533485632550089e-06,6.533485632550089e-06,1m,1759839060,0.0,usd,2025-10-07,1m
2qgURia1oejhtngnt3cpUXyiKyguaTjEKQPQcmd5pump,6.533485632550089e-06,6.533485632550089e-06,6.533485632550089e-06,6.533485632550089e-06,1m,1759839120,0.0,usd,2025-10-07,1m
2qgURia1oejhtngnt3cpUXyiKyguaTjEKQPQcmd5pump,6.533485632550089e-06,6.533485632550089e-06,6.533485632550089e-06,6.533485632550089e-06,1m,1759839180,0.0,usd,2025-10-07,1m
2qgURia1oejhtngnt3cpUXyiKyguaTjEKQPQcmd5pump,6.533485632550089e-06,6.533485632550089e-06,6.533485632550089e-06,6.533485632550089e-06,1m,1759839240,0.0,usd,2025-10-07,1m
2qgURia1oejhtngnt3cpUXyiKyguaTjEKQPQcmd5pump,6.533485632550089e-06,6.533485632550089e-06,6.533485632550089e-06,6.533485632550089e-06,1m,1759839300,0.0,usd,2025-10-07,1m
2qgURia1oejhtngnt3cpUXyiKyguaTjEKQPQcmd5pump,6.533485632550089e-06,6.533485632550089e-06,6.533485632550089e-06,6.533485632550089e-06,1m,1759839360,0.0,usd,2025-10-07,1m
2qgURia1oejhtngnt3cpUXyiKyguaTjEKQPQcmd5pump,6.533485632550089e-06,6.533485632550089e-06,6.533485632550089e-06,6.533485632550089e-06,1m,1759839420,0.0,usd,2025-10-07,1m
2qgURia1oejhtngnt3cpUXyiKyguaTjEKQPQcmd5pump,6.533485632550089e-06,6.533485632550089e-06,6.533485632550089e-06,6.533485632550089e-06,1m,1759839480,0.0,usd,2025-10-07,1m
2qgURia1oejhtngnt3cpUXyiKyguaTjEKQPQcmd5pump,6.533485632550089e-06,6.533485632550089e-06,6.533485632550089e-06,6.533485632550089e-06,1m,1759839540,0.0,usd,2025-10-07,1m
2qgURia1oejhtngnt3cpUXyiKyguaTjEKQPQcmd5pump,6.533485632550089e-06,6.533485632550089e-06,6.533485632550089e-06,6.533485632550089e-06,1m,1759839600,0.0,usd,2025-10-07,1m
2qgURia1oejhtngnt3cpUXyiKyguaTjEKQPQcmd5pump,6.533485632550089e-06,6.533485632550089e-06,6.533485632550089e-06,6.533485632550089e-06,1m,1759839660,0.0,usd,2025-10-07,1m
2qgURia1oejhtngnt3cpUXyiKyguaTjEKQPQcmd5pump,6.533485632550089e-06,6.533485632550089e-06,6.533485632550089e-06,6.533485632550089e-06,1m,1759839720,0.0,usd,2025-10-07,1m
2qgURia1oejhtngnt3cpUXyiKyguaTjEKQPQcmd5pump,6.533485632550089e-06,6.533485632550089e-06,6.533485632550089e-06,6.533485632550089e-06,1m,1759839780,0.0,usd,2025-10-07,1m
2qgURia1oejhtngnt3cpUXyiKyguaTjEKQPQcmd5pump,6.533485632550089e-06,6.533485632550089e-06,6.533485632550089e-06,6.533485632550089e-06,1m,1759839840,0.0,usd,2025-10-07,1m
2qgURia1oejhtngnt3cpUXyiKyguaTjEKQPQcmd5pump,6.533485632550089e-06,6.533485632550089e-06,6.533485632550089e-06,6.533485632550089e-06,1m,1759839900,0.0,usd,2025-10-07,1m
2qgURia1oejhtngnt3cpUXyiKyguaTjEKQPQcmd5pump,6.533485632550089e-06,6.533485632550089e-06,6.533485632550089e-06,6.533485632550089e-06,1m,1759839960,0.0,usd,2025-10-07,1m
2qgURia1oejhtngnt3cpUXyiKyguaTjEKQPQcmd5pump,6.533485632550089e-06,6.533485632550089e-06,6.533485632550089e-06,6.533485632550089e-06,1m,1759840020,0.0,usd,2025-10-07,1m
2qgURia1oejhtngnt3cpUXyiKyguaTjEKQPQcmd5pump,6.533485632550089e-06,6.533485632550089e-06,6.533485632550089e-06,6.533485632550089e-06,1m,1759840080,0.0,usd,2025-10-07,1m
2qgURia1oejhtngnt3cpUXyiKyguaTjEKQPQcmd5pump,6.533485632550089e-06,6.533485632550089e-06,6.533485632550089e-06,6.533485632550089e-06,1m,1759840140,0.0,usd,2025-10-07,1m
2qgURia1oejhtngnt3cpUXyiKyguaTjEKQPQcmd5pump,6.533485632550089e-06,6.533485632550089e-06,6.533485632550089e-06,6.533485632550089e-06,1m,1759840200,0.0,usd,2025-10-07,1m
2qgURia1oejhtngnt3cpUXyiKyguaTjEKQPQcmd5pump,6.533485632550089e-06,6.533485632550089e-06,6.533485632550089e-06,6.533485632550089e-06,1m,1759840260,0.0,usd,2025-10-07,1m
2qgURia1oejhtngnt3cpUXyiKyguaTjEKQPQcmd5pump,6.533485632550089e-06,6.533485632550089e-06,6.533485632550089e-06,6.533485632550089e-06,1m,1759840320,0.0,usd,2025-10-07,1m
2qgURia1oejhtngnt3cpUXyiKyguaTjEKQPQcmd5pump,6.533485632550089e-06,6.533485632550089e-06,6.533485632550089e-06,6.533485632550089e-06,1m,1759840380,0.0,usd,2025-10-07,1m
2qgURia1oejhtngnt3cpUXyiKyguaTjEKQPQcmd5pump,6.533485632550089e-06,6.533485632550089e-06,6.533485632550089e-06,6.533485632550089e-06,1m,1759840440,0.0,usd,2025-10-07,1m
2qgURia1oejhtngnt3cpUXyiKyguaTjEKQPQcmd5pump,6.533485632550089e-06,6.533485632550089e-06,6.533485632550089e-06,6.533485632550089e-06,1m,1759840500,0.0,usd,2025-10-07,1m
2qgURia1oejhtngnt3cpUXyiKyguaTjEKQPQcmd5pump,6.533485632550089e-06,6.533485632550089e-06,6.533485632550089e-06,6.533485632550089e-06,1m,1759840560,0.0,usd,2025-10-07,1m
2qgURia1oejhtngnt3cpUXyiKyguaTjEKQPQcmd5pump,6.533485632550089e-06,6.533485632550089e-06,6.533485632550089e-06,6.533485632550089e-06,1m,1759840620,0.0,usd,2025-10-07,1m
2qgURia1oejhtngnt3cpUXyiKyguaTjEKQPQcmd5pump,6.533485632550089e-06,6.533485632550089e-06,6.533485632550089e-06,6.533485632550089e-06,1m,1759840680,0.0,usd,2025-10-07,1m
2qgURia1oejhtngnt3cpUXyiKyguaTjEKQPQcmd5pump,6.533485632550089e-06,6.533485632550089e-06,6.533485632550089e-06,6.533485632550089e-06,1m,1759840740,0.0,usd,2025-10-07,1m
2qgURia1oejhtngnt3cpUXyiKyguaTjEKQPQcmd5pump,6.533485632550089e-06,6.533485632550089e-06,6.533485632550089e-06,6.533485632550089e-06,1m,1759840800,0.0,usd,2025-10-07,1m
2qgURia1oejhtngnt3cpUXyiKyguaTjEKQPQcmd5pump,6.533485632550089e-06,6.533485632550089e-06,6.533485632550089e-06,6.533485632550089e-06,1m,1759840860,0.0,usd,2025-10-07,1m
2qgURia1oejhtngnt3cpUXyiKyguaTjEKQPQcmd5pump,6.533485632550089e-06,6.533485632550089e-06,6.533485632550089e-06,6.533485632550089e-06,1m,1759840920,0.0,usd,2025-10-07,1m
2qgURia1oejhtngnt3cpUXyiKyguaTjEKQPQcmd5pump,6.533485632550089e-06,6.533485632550089e-06,6.533485632550089e-06,6.533485632550089e-06,1m,1759840980,0.0,usd,2025-10-07,1m
2qgURia1oejhtngnt3cpUXyiKyguaTjEKQPQcmd5pump,6.533485632550089e-06,6.533485632550089e-06,6.533485632550089e-06,6.533485632550089e-06,1m,1759841040,0.0,usd,2025-10-07,1m
2qgURia1oejhtngnt3cpUXyiKyguaTjEKQPQcmd5pump,6.533485632550089e-06,6.533485632550089e-06,6.533485632550089e-06,6.533485632550089e-06,1m,1759841100,0.0,usd,2025-10-07,1m
2qgURia1oejhtngnt3cpUXyiKyguaTjEKQPQcmd5pump,6.533485632550089e-06,6.533485632550089e-06,6.533485632550089e-06,6.533485632550089e-06,1m,1759841160,0.0,usd,2025-10-07,1m
2qgURia1oejhtngnt3cpUXyiKyguaTjEKQPQcmd5pump,6.533485632550089e-06,6.533485632550089e-06,6.533485632550089e-06,6.533485632550089e-06,1m,1759841220,0.0,usd,2025-10-07,1m
2qgURia1oejhtngnt3cpUXyiKyguaTjEKQPQcmd5pump,6.533485632550089e-06,6.533485632550089e-06,6.533485632550089e-06,6.533485632550089e-06,1m,1759841280,0.0,usd,2025-10-07,1m
2qgURia1oejhtngnt3cpUXyiKyguaTjEKQPQcmd5pump,6.533485632550089e-06,6.533485632550089e-06,6.533485632550089e-06,6.533485632550089e-06,1m,1759841340,0.0,usd,2025-10-07,1m
2qgURia1oejhtngnt3cpUXyiKyguaTjEKQPQcmd5pump,6.533485632550089e-06,6.533485632550089e-06,6.533485632550089e-06,6.533485632550089e-06,1m,1759841400,0.0,usd,2025-10-07,1m
2qgURia1oejhtngnt3cpUXyiKyguaTjEKQPQcmd5pump,6.533485632550089e-06,6.533485632550089e-06,6.533485632550089e-06,6.533485632550089e-06,1m,1759841460,0.0,usd,2025-10-07,1m
2qgURia1oejhtngnt3cpUXyiKyguaTjEKQPQcmd5pump,6.533485632550089e-06,6.533485632550089e-06,6.533485632550089e-06,6.533485632550089e-06,1m,1759841520,0.0,usd,2025-10-07,1m
2qgURia1oejhtngnt3cpUXyiKyguaTjEKQPQcmd5pump,6.533485632550089e-06,6.533485632550089e-06,6.533485632550089e-06,6.533485632550089e-06,1m,1759841580,0.0,usd,2025-10-07,1m
2qgURia1oejhtngnt3cpUXyiKyguaTjEKQPQcmd5pump,6.533485632550089e-06,6.533485632550089e-06,6.533485632550089e-06,6.533485632550089e-06,1m,1759841640,0.0,usd,2025-10-07,1m
2qgURia1oejhtngnt3cpUXyiKyguaTjEKQPQcmd5pump,6.533485632550089e-06,6.533485632550089e-06,6.533485632550089e-06,6.533485632550089e-06,1m,1759841700,0.0,usd,2025-10-07,1m
2qgURia1oejhtngnt3cpUXyiKyguaTjEKQPQcmd5pump,6.533485632550089e-06,6.533485632550089e-06,6.533485632550089e-06,6.533485632550089e-06,1m,1759841760,0.0,usd,2025-10-07,1m
2qgURia1oejhtngnt3cpUXyiKyguaTjEKQPQcmd5pump,6.533485632550089e-06,6.533485632550089e-06,6.533485632550089e-06,6.533485632550089e-06,1m,1759841820,0.0,usd,2025-10-07,1m
2qgURia1oejhtngnt3cpUXyiKyguaTjEKQPQcmd5pump,6.533485632550089e-06,6.533485632550089e-06,6.533485632550089e-06,6.533485632550089e-06,1m,1759841880,0.0,usd,2025-10-07,1m
2qgURia1oejhtngnt3cpUXyiKyguaTjEKQPQcmd5pump,6.533485632550089e-06,6.533485632550089e-06,6.533485632550089e-06,6.533485632550089e-06,1m,1759841940,0.0,usd,2025-10-07,1m
2qgURia1oejhtngnt3cpUXyiKyguaTjEKQPQcmd5pump,6.533485632550089e-06,6.533485632550089e-06,6.533485632550089e-06,6.533485632550089e-06,1m,1759842000,0.0,usd,2025-10-07,1m
2qgURia1oejhtngnt3cpUXyiKyguaTjEKQPQcmd5pump,6.533485632550089e-06,6.533485632550089e-06,6.533485632550089e-06,6.533485632550089e-06,1m,1759842060,0.0,usd,2025-10-07,1m
2qgURia1oejhtngnt3cpUXyiKyguaTjEKQPQcmd5pump,6.533485632550089e-06,6.533485632550089e-06,6.533485632550089e-06,6.533485632550089e-06,1m,1759842120,0.0,usd,2025-10-07,1m
2qgURia1oejhtngnt3cpUXyiKyguaTjEKQPQcmd5pump,6.533485632550089e-06,6.533485632550089e-06,6.533485632550089e-06,6.533485632550089e-06,1m,1759842180,0.0,usd,2025-10-07,1m
2qgURia1oejhtngnt3cpUXyiKyguaTjEKQPQcmd5pump,6.533485632550089e-06,6.533485632550089e-06,6.533485632550089e-06,6.533485632550089e-06,1m,1759842240,0.0,usd,2025-10-07,1m
2qgURia1oejhtngnt3cpUXyiKyguaTjEKQPQcmd5pump,6.533485632550089e-06,6.533485632550089e-06,6.533485632550089e-06,6.533485632550089e-06,1m,1759842300,0.0,usd,2025-10-07,1m
2qgURia1oejhtngnt3cpUXyiKyguaTjEKQPQcmd5pump,6.533485632550089e-06,6.533485632550089e-06,6.533485632550089e-06,6.533485632550089e-06,1m,1759842360,0.0,usd,2025-10-07,1m
2qgURia1oejhtngnt3cpUXyiKyguaTjEKQPQcmd5pump,6.533485632550089e-06,6.533485632550089e-06,6.533485632550089e-06,6.533485632550089e-06,1m,1759842420,0.0,usd,2025-10-07,1m
2qgURia1oejhtngnt3cpUXyiKyguaTjEKQPQcmd5pump,6.533485632550089e-06,6.533485632550089e-06,6.533485632550089e-06,6.533485632550089e-06,1m,1759842480,0.0,usd,2025-10-07,1m
2qgURia1oejhtngnt3cpUXyiKyguaTjEKQPQcmd5pump,6.533485632550089e-06,6.533485632550089e-06,6.533485632550089e-06,6.533485632550089e-06,1m,1759842540,0.0,usd,2025-10-07,1m
2qgURia1oejhtngnt3cpUXyiKyguaTjEKQPQcmd5pump,6.533485632550089e-06,6.533485632550089e-06,6.533485632550089e-06,6.533485632550089e-06,1m,1759842600,0.0,usd,2025-10-07,1m
2qgURia1oejhtngnt3cpUXyiKyguaTjEKQPQcmd5pump,6.533485632550089e-06,6.533485632550089e-06,6.533485632550089e-06,6.533485632550089e-06,1m,1759842660,0.0,usd,2025-10-07,1m
2qgURia1oejhtngnt3cpUXyiKyguaTjEKQPQcmd5pump,6.533485632550089e-06,6.533485632550089e-06,6.533485632550089e-06,6.533485632550089e-06,1m,1759842720,0.0,usd,2025-10-07,1m
2qgURia1oejhtngnt3cpUXyiKyguaTjEKQPQcmd5pump,6.533485632550089e-06,6.533485632550089e-06,6.533485632550089e-06,6.533485632550089e-06,1m,1759842780,0.0,usd,2025-10-07,1m
2qgURia1oejhtngnt3cpUXyiKyguaTjEKQPQcmd5pump,6.533485632550089e-06,6.533485632550089e-06,6.533485632550089e-06,6.533485632550089e-06,1m,1759842840,0.0,usd,2025-10-07,1m
2qgURia1oejhtngnt3cpUXyiKyguaTjEKQPQcmd5pump,6.533485632550089e-06,6.533485632550089e-06,6.533485632550089e-06,6.533485632550089e-06,1m,1759842900,0.0,usd,2025-10-07,1m
2qgURia1oejhtngnt3cpUXyiKyguaTjEKQPQcmd5pump,6.533485632550089e-06,6.533485632550089e-06,6.533485632550089e-06,6.533485632550089e-06,1m,1759842960,0.0,usd,2025-10-07,1m
2qgURia1oejhtngnt3cpUXyiKyguaTjEKQPQcmd5pump,6.533485632550089e-06,6.533485632550089e-06,6.533485632550089e-06,6.533485632550089e-06,1m,1759843020,0.0,usd,2025-10-07,1m
2qgURia1oejhtngnt3cpUXyiKyguaTjEKQPQcmd5pump,6.533485632550089e-06,6.533485632550089e-06,6.533485632550089e-06,6.533485632550089e-06,1m,1759843080,0.0,usd,2025-10-07,1m
2qgURia1oejhtngnt3cpUXyiKyguaTjEKQPQcmd5pump,6.533485632550089e-06,6.533485632550089e-06,6.533485632550089e-06,6.533485632550089e-06,1m,1759843140,0.0,usd,2025-10-07,1m
2qgURia1oejhtngnt3cpUXyiKyguaTjEKQPQcmd5pump,6.533485632550089e-06,6.533485632550089e-06,6.533485632550089e-06,6.533485632550089e-06,1m,1759843200,0.0,usd,2025-10-07,1m
2qgURia1oejhtngnt3cpUXyiKyguaTjEKQPQcmd5pump,6.533485632550089e-06,6.533485632550089e-06,6.533485632550089e-06,6.533485632550089e-06,1m,1759843260,0.0,usd,2025-10-07,1m
2qgURia1oejhtngnt3cpUXyiKyguaTjEKQPQcmd5pump,6.533485632550089e-06,6.533485632550089e-06,6.533485632550089e-06,6.533485632550089e-06,1m,1759843320,0.0,usd,2025-10-07,1m
2qgURia1oejhtngnt3cpUXyiKyguaTjEKQPQcmd5pump,6.533485632550089e-06,6.533485632550089e-06,6.533485632550089e-06,6.533485632550089e-06,1m,1759843380,0.0,usd,2025-10-07,1m
2qgURia1oejhtngnt3cpUXyiKyguaTjEKQPQcmd5pump,6.533485632550089e-06,6.533485632550089e-06,6.533485632550089e-06,6.533485632550089e-06,1m,1759843440,0.0,usd,2025-10-07,1m
2qgURia1oejhtngnt3cpUXyiKyguaTjEKQPQcmd5pump,6.533485632550089e-06,6.533485632550089e-06,6.533485632550089e-06,6.533485632550089e-06,1m,1759843500,0.0,usd,2025-10-07,1m
2qgURia1oejhtngnt3cpUXyiKyguaTjEKQPQcmd5pump,6.533485632550089e-06,6.533485632550089e-06,6.533485632550089e-06,6.533485632550089e-06,1m,1759843560,0.0,usd,2025-10-07,1m
2qgURia1oejhtngnt3cpUXyiKyguaTjEKQPQcmd5pump,6.533485632550089e-06,6.533485632550089e-06,6.533485632550089e-06,6.533485632550089e-06,1m,1759843620,0.0,usd,2025-10-07,1m
2qgURia1oejhtngnt3cpUXyiKyguaTjEKQPQcmd5pump,6.533485632550089e-06,6.533485632550089e-06,6.533485632550089e-06,6.533485632550089e-06,1m,1759843680,0.0,usd,2025-10-07,1m
2qgURia1oejhtngnt3cpUXyiKyguaTjEKQPQcmd5pump,6.533485632550089e-06,6.533485632550089e-06,6.533485632550089e-06,6.533485632550089e-06,1m,1759843740,0.0,usd,2025-10-07,1m
2qgURia1oejhtngnt3cpUXyiKyguaTjEKQPQcmd5pump,6.533485632550089e-06,6.533485632550089e-06,6.533485632550089e-06,6.533485632550089e-06,1m,1759843800,0.0,usd,2025-10-07,1m
2qgURia1oejhtngnt3cpUXyiKyguaTjEKQPQcmd5pump,6.533485632550089e-06,6.533485632550089e-06,6.533485632550089e-06,6.533485632550089e-06,1m,1759843860,0.0,usd,2025-10-07,1m
2qgURia1oejhtngnt3cpUXyiKyguaTjEKQPQcmd5pump,6.533485632550089e-06,6.533485632550089e-06,6.533485632550089e-06,6.533485632550089e-06,1m,1759843920,0.0,usd,2025-10-07,1m
2qgURia1oejhtngnt3cpUXyiKyguaTjEKQPQcmd5pump,6.533485632550089e-06,6.533485632550089e-06,6.533485632550089e-06,6.533485632550089e-06,1m,1759843980,0.0,usd,2025-10-07,1m
2qgURia1oejhtngnt3cpUXyiKyguaTjEKQPQcmd5pump,6.533485632550089e-06,6.533485632550089e-06,6.533485632550089e-06,6.533485632550089e-06,1m,1759844040,0.0,usd,2025-10-07,1m
2qgURia1oejhtngnt3cpUXyiKyguaTjEKQPQcmd5pump,6.533485632550089e-06,6.533485632550089e-06,6.533485632550089e-06,6.533485632550089e-06,1m,1759844100,0.0,usd,2025-10-07,1m
2qgURia1oejhtngnt3cpUXyiKyguaTjEKQPQcmd5pump,6.533485632550089e-06,6.533485632550089e-06,6.533485632550089e-06,6.533485632550089e-06,1m,1759844160,0.0,usd,2025-10-07,1m
2qgURia1oejhtngnt3cpUXyiKyguaTjEKQPQcmd5pump,6.533485632550089e-06,6.533485632550089e-06,6.533485632550089e-06,6.533485632550089e-06,1m,1759844220,0.0,usd,2025-10-07,1m
2qgURia1oejhtngnt3cpUXyiKyguaTjEKQPQcmd5pump,6.533485632550089e-06,6.533485632550089e-06,6.533485632550089e-06,6.533485632550089e-06,1m,1759844280,0.0,usd,2025-10-07,1m
2qgURia1oejhtngnt3cpUXyiKyguaTjEKQPQcmd5pump,6.533485632550089e-06,6.533485632550089e-06,6.533485632550089e-06,6.533485632550089e-06,1m,1759844340,0.0,usd,2025-10-07,1m
2qgURia1oejhtngnt3cpUXyiKyguaTjEKQPQcmd5pump,6.533485632550089e-06,6.533485632550089e-06,6.533485632550089e-06,6.533485632550089e-06,1m,1759844400,0.0,usd,2025-10-07,1m
2qgURia1oejhtngnt3cpUXyiKyguaTjEKQPQcmd5pump,6.533485632550089e-06,6.533485632550089e-06,6.533485632550089e-06,6.533485632550089e-06,1m,1759844460,0.0,usd,2025-10-07,1m
2qgURia1oejhtngnt3cpUXyiKyguaTjEKQPQcmd5pump,6.533485632550089e-06,6.533485632550089e-06,6.533485632550089e-06,6.533485632550089e-06,1m,1759844520,0.0,usd,2025-10-07,1m
2qgURia1oejhtngnt3cpUXyiKyguaTjEKQPQcmd5pump,6.533485632550089e-06,6.533485632550089e-06,6.533485632550089e-06,6.533485632550089e-06,1m,1759844580,0.0,usd,2025-10-07,1m
2qgURia1oejhtngnt3cpUXyiKyguaTjEKQPQcmd5pump,6.533485632550089e-06,6.533485632550089e-06,6.533485632550089e-06,6.533485632550089e-06,1m,1759844640,0.0,usd,2025-10-07,1m
2qgURia1oejhtngnt3cpUXyiKyguaTjEKQPQcmd5pump,6.533485632550089e-06,6.533485632550089e-06,6.533485632550089e-06,6.533485632550089e-06,1m,1759844700,0.0,usd,2025-10-07,1m
2qgURia1oejhtngnt3cpUXyiKyguaTjEKQPQcmd5pump,6.533485632550089e-06,6.533485632550089e-06,6.533485632550089e-06,6.533485632550089e-06,1m,1759844760,0.0,usd,2025-10-07,1m
2qgURia1oejhtngnt3cpUXyiKyguaTjEKQPQcmd5pump,6.533485632550089e-06,6.533485632550089e-06,6.533485632550089e-06,6.533485632550089e-06,1m,1759844820,0.0,usd,2025-10-07,1m
2qgURia1oejhtngnt3cpUXyiKyguaTjEKQPQcmd5pump,6.533485632550089e-06,6.533485632550089e-06,6.533485632550089e-06,6.533485632550089e-06,1m,1759844880,0.0,usd,2025-10-07,1m
2qgURia1oejhtngnt3cpUXyiKyguaTjEKQPQcmd5pump,6.533485632550089e-06,6.533485632550089e-06,6.533485632550089e-06,6.533485632550089e-06,1m,1759844940,0.0,usd,2025-10-07,1m
2qgURia1oejhtngnt3cpUXyiKyguaTjEKQPQcmd5pump,6.533485632550089e-06,6.533485632550089e-06,6.533485632550089e-06,6.533485632550089e-06,1m,1759845000,0.0,usd,2025-10-07,1m
2qgURia1oejhtngnt3cpUXyiKyguaTjEKQPQcmd5pump,6.533485632550089e-06,6.533485632550089e-06,6.533485632550089e-06,6.533485632550089e-06,1m,1759845060,0.0,usd,2025-10-07,1m
2qgURia1oejhtngnt3cpUXyiKyguaTjEKQPQcmd5pump,6.533485632550089e-06,6.533485632550089e-06,6.533485632550089e-06,6.533485632550089e-06,1m,1759845120,0.0,usd,2025-10-07,1m
2qgURia1oejhtngnt3cpUXyiKyguaTjEKQPQcmd5pump,6.533485632550089e-06,6.533485632550089e-06,6.533485632550089e-06,6.533485632550089e-06,1m,1759845180,0.0,usd,2025-10-07,1m
2qgURia1oejhtngnt3cpUXyiKyguaTjEKQPQcmd5pump,6.533485632550089e-06,6.533485632550089e-06,6.533485632550089e-06,6.533485632550089e-06,1m,1759845240,0.0,usd,2025-10-07,1m
2qgURia1oejhtngnt3cpUXyiKyguaTjEKQPQcmd5pump,6.533485632550089e-06,6.533485632550089e-06,6.533485632550089e-06,6.533485632550089e-06,1m,1759845300,0.0,usd,2025-10-07,1m
2qgURia1oejhtngnt3cpUXyiKyguaTjEKQPQcmd5pump,6.533485632550089e-06,6.533485632550089e-06,6.533485632550089e-06,6.533485632550089e-06,1m,1759845360,0.0,usd,2025-10-07,1m
2qgURia1oejhtngnt3cpUXyiKyguaTjEKQPQcmd5pump,6.533485632550089e-06,6.533485632550089e-06,6.533485632550089e-06,6.533485632550089e-06,1m,1759845420,0.0,usd,2025-10-07,1m
2qgURia1oejhtngnt3cpUXyiKyguaTjEKQPQcmd5pump,6.533485632550089e-06,6.533485632550089e-06,6.533485632550089e-06,6.533485632550089e-06,1m,1759845480,0.0,usd,2025-10-07,1m
2qgURia1oejhtngnt3cpUXyiKyguaTjEKQPQcmd5pump,6.533485632550089e-06,6.533485632550089e-06,6.533485632550089e-06,6.533485632550089e-06,1m,1759845540,0.0,usd,2025-10-07,1m
2qgURia1oejhtngnt3cpUXyiKyguaTjEKQPQcmd5pump,6.533485632550089e-06,6.533485632550089e-06,6.533485632550089e-06,6.533485632550089e-06,1m,1759845600,0.0,usd,2025-10-07,1m
2qgURia1oejhtngnt3cpUXyiKyguaTjEKQPQcmd5pump,6.533485632550089e-06,6.533485632550089e-06,6.533485632550089e-06,6.533485632550089e-06,1m,1759845660,0.0,usd,2025-10-07,1m
2qgURia1oejhtngnt3cpUXyiKyguaTjEKQPQcmd5pump,6.533485632550089e-06,6.533485632550089e-06,6.533485632550089e-06,6.533485632550089e-06,1m,1759845720,0.0,usd,2025-10-07,1m
2qgURia1oejhtngnt3cpUXyiKyguaTjEKQPQcmd5pump,6.533485632550089e-06,6.533485632550089e-06,6.533485632550089e-06,6.533485632550089e-06,1m,1759845780,0.0,usd,2025-10-07,1m
2qgURia1oejhtngnt3cpUXyiKyguaTjEKQPQcmd5pump,6.533485632550089e-06,6.533485632550089e-06,6.533485632550089e-06,6.533485632550089e-06,1m,1759845840,0.0,usd,2025-10-07,1m
2qgURia1oejhtngnt3cpUXyiKyguaTjEKQPQcmd5pump,6.533485632550089e-06,6.533485632550089e-06,6.533485632550089e-06,6.533485632550089e-06,1m,1759845900,0.0,usd,2025-10-07,1m
2qgURia1oejhtngnt3cpUXyiKyguaTjEKQPQcmd5pump,6.533485632550089e-06,6.533485632550089e-06,6.533485632550089e-06,6.533485632550089e-06,1m,1759845960,0.0,usd,2025-10-07,1m
2qgURia1oejhtngnt3cpUXyiKyguaTjEKQPQcmd5pump,6.533485632550089e-06,6.533485632550089e-06,6.533485632550089e-06,6.533485632550089e-06,1m,1759846020,0.0,usd,2025-10-07,1m
2qgURia1oejhtngnt3cpUXyiKyguaTjEKQPQcmd5pump,6.533485632550089e-06,6.533485632550089e-06,6.533485632550089e-06,6.533485632550089e-06,1m,1759846080,0.0,usd,2025-10-07,1m
2qgURia1oejhtngnt3cpUXyiKyguaTjEKQPQcmd5pump,6.533485632550089e-06,6.533485632550089e-06,6.533485632550089e-06,6.533485632550089e-06,1m,1759846140,0.0,usd,2025-10-07,1m
2qgURia1oejhtngnt3cpUXyiKyguaTjEKQPQcmd5pump,6.533485632550089e-06,6.533485632550089e-06,6.533485632550089e-06,6.533485632550089e-06,1m,1759846200,0.0,usd,2025-10-07,1m
2qgURia1oejhtngnt3cpUXyiKyguaTjEKQPQcmd5pump,6.533485632550089e-06,6.533485632550089e-06,6.533485632550089e-06,6.533485632550089e-06,1m,1759846260,0.0,usd,2025-10-07,1m
2qgURia1oejhtngnt3cpUXyiKyguaTjEKQPQcmd5pump,6.533485632550089e-06,6.533485632550089e-06,6.533485632550089e-06,6.533485632550089e-06,1m,1759846320,0.0,usd,2025-10-07,1m
2qgURia1oejhtngnt3cpUXyiKyguaTjEKQPQcmd5pump,6.533485632550089e-06,6.533485632550089e-06,6.533485632550089e-06,6.533485632550089e-06,1m,1759846380,0.0,usd,2025-10-07,1m
2qgURia1oejhtngnt3cpUXyiKyguaTjEKQPQcmd5pump,6.533485632550089e-06,6.533485632550089e-06,6.533485632550089e-06,6.533485632550089e-06,1m,1759846440,0.0,usd,2025-10-07,1m
2qgURia1oejhtngnt3cpUXyiKyguaTjEKQPQcmd5pump,6.533485632550089e-06,6.533485632550089e-06,6.533485632550089e-06,6.533485632550089e-06,1m,1759846500,0.0,usd,2025-10-07,1m
2qgURia1oejhtngnt3cpUXyiKyguaTjEKQPQcmd5pump,6.533485632550089e-06,6.533485632550089e-06,6.533485632550089e-06,6.533485632550089e-06,1m,1759846560,0.0,usd,2025-10-07,1m
2qgURia1oejhtngnt3cpUXyiKyguaTjEKQPQcmd5pump,6.533485632550089e-06,6.533485632550089e-06,6.533485632550089e-06,6.533485632550089e-06,1m,1759846620,0.0,usd,2025-10-07,1m
2qgURia1oejhtngnt3cpUXyiKyguaTjEKQPQcmd5pump,6.533485632550089e-06,6.533485632550089e-06,6.533485632550089e-06,6.533485632550089e-06,1m,1759846680,0.0,usd,2025-10-07,1m
2qgURia1oejhtngnt3cpUXyiKyguaTjEKQPQcmd5pump,6.533485632550089e-06,6.533485632550089e-06,6.533485632550089e-06,6.533485632550089e-06,1m,1759846740,0.0,usd,2025-10-07,1m
2qgURia1oejhtngnt3cpUXyiKyguaTjEKQPQcmd5pump,6.533485632550089e-06,6.533485632550089e-06,6.533485632550089e-06,6.533485632550089e-06,1m,1759846800,0.0,usd,2025-10-07,1m
2qgURia1oejhtngnt3cpUXyiKyguaTjEKQPQcmd5pump,6.533485632550089e-06,6.533485632550089e-06,6.533485632550089e-06,6.533485632550089e-06,1m,1759846860,0.0,usd,2025-10-07,1m
2qgURia1oejhtngnt3cpUXyiKyguaTjEKQPQcmd5pump,6.533485632550089e-06,6.533485632550089e-06,6.533485632550089e-06,6.533485632550089e-06,1m,1759846920,0.0,usd,2025-10-07,1m
2qgURia1oejhtngnt3cpUXyiKyguaTjEKQPQcmd5pump,6.533485632550089e-06,6.533485632550089e-06,6.533485632550089e-06,6.533485632550089e-06,1m,1759846980,0.0,usd,2025-10-07,1m
2qgURia1oejhtngnt3cpUXyiKyguaTjEKQPQcmd5pump,6.533485632550089e-06,6.533485632550089e-06,6.533485632550089e-06,6.533485632550089e-06,1m,1759847040,0.0,usd,2025-10-07,1m
2qgURia1oejhtngnt3cpUXyiKyguaTjEKQPQcmd5pump,6.533485632550089e-06,6.533485632550089e-06,6.533485632550089e-06,6.533485632550089e-06,1m,1759847100,0.0,usd,2025-10-07,1m
2qgURia1oejhtngnt3cpUXyiKyguaTjEKQPQcmd5pump,6.533485632550089e-06,6.533485632550089e-06,6.533485632550089e-06,6.533485632550089e-06,1m,1759847160,0.0,usd,2025-10-07,1m
2qgURia1oejhtngnt3cpUXyiKyguaTjEKQPQcmd5pump,6.533485632550089e-06,6.533485632550089e-06,6.533485632550089e-06,6.533485632550089e-06,1m,1759847220,0.0,usd,2025-10-07,1m
2qgURia1oejhtngnt3cpUXyiKyguaTjEKQPQcmd5pump,6.533485632550089e-06,6.533485632550089e-06,6.533485632550089e-06,6.533485632550089e-06,1m,1759847280,0.0,usd,2025-10-07,1m
2qgURia1oejhtngnt3cpUXyiKyguaTjEKQPQcmd5pump,6.533485632550089e-06,6.533485632550089e-06,6.533485632550089e-06,6.533485632550089e-06,1m,1759847340,0.0,usd,2025-10-07,1m
2qgURia1oejhtngnt3cpUXyiKyguaTjEKQPQcmd5pump,6.533485632550089e-06,6.533485632550089e-06,6.533485632550089e-06,6.533485632550089e-06,1m,1759847400,0.0,usd,2025-10-07,1m
2qgURia1oejhtngnt3cpUXyiKyguaTjEKQPQcmd5pump,6.533485632550089e-06,6.533485632550089e-06,6.533485632550089e-06,6.533485632550089e-06,1m,1759847460,0.0,usd,2025-10-07,1m
2qgURia1oejhtngnt3cpUXyiKyguaTjEKQPQcmd5pump,6.533485632550089e-06,6.533485632550089e-06,6.533485632550089e-06,6.533485632550089e-06,1m,1759847520,0.0,usd,2025-10-07,1m
2qgURia1oejhtngnt3cpUXyiKyguaTjEKQPQcmd5pump,6.533485632550089e-06,6.533485632550089e-06,6.533485632550089e-06,6.533485632550089e-06,1m,1759847580,0.0,usd,2025-10-07,1m
2qgURia1oejhtngnt3cpUXyiKyguaTjEKQPQcmd5pump,6.533485632550089e-06,6.533485632550089e-06,6.533485632550089e-06,6.533485632550089e-06,1m,1759847640,0.0,usd,2025-10-07,1m
2qgURia1oejhtngnt3cpUXyiKyguaTjEKQPQcmd5pump,6.533485632550089e-06,6.533485632550089e-06,6.533485632550089e-06,6.533485632550089e-06,1m,1759847700,0.0,usd,2025-10-07,1m
2qgURia1oejhtngnt3cpUXyiKyguaTjEKQPQcmd5pump,6.533485632550089e-06,6.533485632550089e-06,6.533485632550089e-06,6.533485632550089e-06,1m,1759847760,0.0,usd,2025-10-07,1m
2qgURia1oejhtngnt3cpUXyiKyguaTjEKQPQcmd5pump,6.533485632550089e-06,6.533485632550089e-06,6.533485632550089e-06,6.533485632550089e-06,1m,1759847820,0.0,usd,2025-10-07,1m
2qgURia1oejhtngnt3cpUXyiKyguaTjEKQPQcmd5pump,6.533485632550089e-06,6.533485632550089e-06,6.533485632550089e-06,6.533485632550089e-06,1m,1759847880,0.0,usd,2025-10-07,1m
2qgURia1oejhtngnt3cpUXyiKyguaTjEKQPQcmd5pump,6.533485632550089e-06,6.533485632550089e-06,6.533485632550089e-06,6.533485632550089e-06,1m,1759847940,0.0,usd,2025-10-07,1m
2qgURia1oejhtngnt3cpUXyiKyguaTjEKQPQcmd5pump,6.533485632550089e-06,6.533485632550089e-06,6.533485632550089e-06,6.533485632550089e-06,1m,1759848000,0.0,usd,2025-10-07,1m
2qgURia1oejhtngnt3cpUXyiKyguaTjEKQPQcmd5pump,6.533485632550089e-06,6.533485632550089e-06,6.533485632550089e-06,6.533485632550089e-06,1m,1759848060,0.0,usd,2025-10-07,1m
2qgURia1oejhtngnt3cpUXyiKyguaTjEKQPQcmd5pump,6.533485632550089e-06,6.533485632550089e-06,6.533485632550089e-06,6.533485632550089e-06,1m,1759848120,0.0,usd,2025-10-07,1m
2qgURia1oejhtngnt3cpUXyiKyguaTjEKQPQcmd5pump,6.533485632550089e-06,6.533485632550089e-06,6.533485632550089e-06,6.533485632550089e-06,1m,1759848180,0.0,usd,2025-10-07,1m
2qgURia1oejhtngnt3cpUXyiKyguaTjEKQPQcmd5pump,6.533485632550089e-06,6.533485632550089e-06,6.533485632550089e-06,6.533485632550089e-06,1m,1759848240,0.0,usd,2025-10-07,1m
2qgURia1oejhtngnt3cpUXyiKyguaTjEKQPQcmd5pump,6.533485632550089e-06,6.533485632550089e-06,6.533485632550089e-06,6.533485632550089e-06,1m,1759848300,0.0,usd,2025-10-07,1m
2qgURia1oejhtngnt3cpUXyiKyguaTjEKQPQcmd5pump,6.533485632550089e-06,6.533485632550089e-06,6.533485632550089e-06,6.533485632550089e-06,1m,1759848360,0.0,usd,2025-10-07,1m
2qgURia1oejhtngnt3cpUXyiKyguaTjEKQPQcmd5pump,6.533485632550089e-06,6.533485632550089e-06,6.533485632550089e-06,6.533485632550089e-06,1m,1759848420,0.0,usd,2025-10-07,1m
2qgURia1oejhtngnt3cpUXyiKyguaTjEKQPQcmd5pump,6.533485632550089e-06,6.533485632550089e-06,6.533485632550089e-06,6.533485632550089e-06,1m,1759848480,0.0,usd,2025-10-07,1m
2qgURia1oejhtngnt3cpUXyiKyguaTjEKQPQcmd5pump,6.533485632550089e-06,6.533485632550089e-06,6.533485632550089e-06,6.533485632550089e-06,1m,1759848540,0.0,usd,2025-10-07,1m
2qgURia1oejhtngnt3cpUXyiKyguaTjEKQPQcmd5pump,6.533485632550089e-06,6.533485632550089e-06,6.533485632550089e-06,6.533485632550089e-06,1m,1759848600,0.0,usd,2025-10-07,1m
2qgURia1oejhtngnt3cpUXyiKyguaTjEKQPQcmd5pump,6.533485632550089e-06,6.533485632550089e-06,6.533485632550089e-06,6.533485632550089e-06,1m,1759848660,0.0,usd,2025-10-07,1m
2qgURia1oejhtngnt3cpUXyiKyguaTjEKQPQcmd5pump,6.533485632550089e-06,6.533485632550089e-06,6.533485632550089e-06,6.533485632550089e-06,1m,1759848720,0.0,usd,2025-10-07,1m
2qgURia1oejhtngnt3cpUXyiKyguaTjEKQPQcmd5pump,6.533485632550089e-06,6.533485632550089e-06,6.533485632550089e-06,6.533485632550089e-06,1m,1759848780,0.0,usd,2025-10-07,1m
2qgURia1oejhtngnt3cpUXyiKyguaTjEKQPQcmd5pump,6.533485632550089e-06,6.533485632550089e-06,6.533485632550089e-06,6.533485632550089e-06,1m,1759848840,0.0,usd,2025-10-07,1m
2qgURia1oejhtngnt3cpUXyiKyguaTjEKQPQcmd5pump,6.533485632550089e-06,6.533485632550089e-06,6.533485632550089e-06,6.533485632550089e-06,1m,1759848900,0.0,usd,2025-10-07,1m
2qgURia1oejhtngnt3cpUXyiKyguaTjEKQPQcmd5pump,6.533485632550089e-06,6.533485632550089e-06,6.533485632550089e-06,6.533485632550089e-06,1m,1759848960,0.0,usd,2025-10-07,1m
2qgURia1oejhtngnt3cpUXyiKyguaTjEKQPQcmd5pump,6.533485632550089e-06,6.533485632550089e-06,6.533485632550089e-06,6.533485632550089e-06,1m,1759849020,0.0,usd,2025-10-07,1m
2qgURia1oejhtngnt3cpUXyiKyguaTjEKQPQcmd5pump,6.533485632550089e-06,6.533485632550089e-06,6.533485632550089e-06,6.533485632550089e-06,1m,1759849080,0.0,usd,2025-10-07,1m
2qgURia1oejhtngnt3cpUXyiKyguaTjEKQPQcmd5pump,6.533485632550089e-06,6.533485632550089e-06,6.533485632550089e-06,6.533485632550089e-06,1m,1759849140,0.0,usd,2025-10-07,1m
2qgURia1oejhtngnt3cpUXyiKyguaTjEKQPQcmd5pump,6.533485632550089e-06,6.533485632550089e-06,6.533485632550089e-06,6.533485632550089e-06,1m,1759849200,0.0,usd,2025-10-07,1m
2qgURia1oejhtngnt3cpUXyiKyguaTjEKQPQcmd5pump,6.533485632550089e-06,6.533485632550089e-06,6.533485632550089e-06,6.533485632550089e-06,1m,1759849260,0.0,usd,2025-10-07,1m
2qgURia1oejhtngnt3cpUXyiKyguaTjEKQPQcmd5pump,6.533485632550089e-06,6.533485632550089e-06,6.533485632550089e-06,6.533485632550089e-06,1m,1759849320,0.0,usd,2025-10-07,1m
2qgURia1oejhtngnt3cpUXyiKyguaTjEKQPQcmd5pump,6.533485632550089e-06,6.533485632550089e-06,6.533485632550089e-06,6.533485632550089e-06,1m,1759849380,0.0,usd,2025-10-07,1m
2qgURia1oejhtngnt3cpUXyiKyguaTjEKQPQcmd5pump,6.533485632550089e-06,6.533485632550089e-06,6.533485632550089e-06,6.533485632550089e-06,1m,1759849440,0.0,usd,2025-10-07,1m
2qgURia1oejhtngnt3cpUXyiKyguaTjEKQPQcmd5pump,6.533485632550089e-06,6.533485632550089e-06,6.533485632550089e-06,6.533485632550089e-06,1m,1759849500,0.0,usd,2025-10-07,1m
2qgURia1oejhtngnt3cpUXyiKyguaTjEKQPQcmd5pump,6.533485632550089e-06,6.533485632550089e-06,6.533485632550089e-06,6.533485632550089e-06,1m,1759849560,0.0,usd,2025-10-07,1m
2qgURia1oejhtngnt3cpUXyiKyguaTjEKQPQcmd5pump,6.533485632550089e-06,6.533485632550089e-06,6.533485632550089e-06,6.533485632550089e-06,1m,1759849620,0.0,usd,2025-10-07,1m
2qgURia1oejhtngnt3cpUXyiKyguaTjEKQPQcmd5pump,6.533485632550089e-06,6.533485632550089e-06,6.533485632550089e-06,6.533485632550089e-06,1m,1759849680,0.0,usd,2025-10-07,1m
2qgURia1oejhtngnt3cpUXyiKyguaTjEKQPQcmd5pump,6.533485632550089e-06,6.533485632550089e-06,6.533485632550089e-06,6.533485632550089e-06,1m,1759849740,0.0,usd,2025-10-07,1m
2qgURia1oejhtngnt3cpUXyiKyguaTjEKQPQcmd5pump,6.533485632550089e-06,6.533485632550089e-06,6.533485632550089e-06,6.533485632550089e-06,1m,1759849800,0.0,usd,2025-10-07,1m
2qgURia1oejhtngnt3cpUXyiKyguaTjEKQPQcmd5pump,6.533485632550089e-06,6.533485632550089e-06,6.533485632550089e-06,6.533485632550089e-06,1m,1759849860,0.0,usd,2025-10-07,1m
2qgURia1oejhtngnt3cpUXyiKyguaTjEKQPQcmd5pump,6.533485632550089e-06,6.533485632550089e-06,6.533485632550089e-06,6.533485632550089e-06,1m,1759849920,0.0,usd,2025-10-07,1m
2qgURia1oejhtngnt3cpUXyiKyguaTjEKQPQcmd5pump,6.533485632550089e-06,6.533485632550089e-06,6.533485632550089e-06,6.533485632550089e-06,1m,1759849980,0.0,usd,2025-10-07,1m
2qgURia1oejhtngnt3cpUXyiKyguaTjEKQPQcmd5pump,6.533485632550089e-06,6.533485632550089e-06,6.533485632550089e-06,6.533485632550089e-06,1m,1759850040,0.0,usd,2025-10-07,1m
2qgURia1oejhtngnt3cpUXyiKyguaTjEKQPQcmd5pump,6.533485632550089e-06,6.533485632550089e-06,6.533485632550089e-06,6.533485632550089e-06,1m,1759850100,0.0,usd,2025-10-07,1m
2qgURia1oejhtngnt3cpUXyiKyguaTjEKQPQcmd5pump,6.533485632550089e-06,6.533485632550089e-06,6.533485632550089e-06,6.533485632550089e-06,1m,1759850160,0.0,usd,2025-10-07,1m
2qgURia1oejhtngnt3cpUXyiKyguaTjEKQPQcmd5pump,6.533485632550089e-06,6.533485632550089e-06,6.533485632550089e-06,6.533485632550089e-06,1m,1759850220,0.0,usd,2025-10-07,1m
2qgURia1oejhtngnt3cpUXyiKyguaTjEKQPQcmd5pump,6.533485632550089e-06,6.533485632550089e-06,6.533485632550089e-06,6.533485632550089e-06,1m,1759850280,0.0,usd,2025-10-07,1m
2qgURia1oejhtngnt3cpUXyiKyguaTjEKQPQcmd5pump,6.533485632550089e-06,6.533485632550089e-06,6.533485632550089e-06,6.533485632550089e-06,1m,1759850340,0.0,usd,2025-10-07,1m
2qgURia1oejhtngnt3cpUXyiKyguaTjEKQPQcmd5pump,6.533485632550089e-06,6.533485632550089e-06,6.533485632550089e-06,6.533485632550089e-06,1m,1759850400,0.0,usd,2025-10-07,1m
2qgURia1oejhtngnt3cpUXyiKyguaTjEKQPQcmd5pump,6.533485632550089e-06,6.533485632550089e-06,6.533485632550089e-06,6.533485632550089e-06,1m,1759850460,0.0,usd,2025-10-07,1m
2qgURia1oejhtngnt3cpUXyiKyguaTjEKQPQcmd5pump,6.533485632550089e-06,6.533485632550089e-06,6.533485632550089e-06,6.533485632550089e-06,1m,1759850520,0.0,usd,2025-10-07,1m
2qgURia1oejhtngnt3cpUXyiKyguaTjEKQPQcmd5pump,6.533485632550089e-06,6.533485632550089e-06,6.533485632550089e-06,6.533485632550089e-06,1m,1759850580,0.0,usd,2025-10-07,1m
2qgURia1oejhtngnt3cpUXyiKyguaTjEKQPQcmd5pump,6.533485632550089e-06,6.533485632550089e-06,6.533485632550089e-06,6.533485632550089e-06,1m,1759850640,0.0,usd,2025-10-07,1m
2qgURia1oejhtngnt3cpUXyiKyguaTjEKQPQcmd5pump,6.533485632550089e-06,6.533485632550089e-06,6.533485632550089e-06,6.533485632550089e-06,1m,1759850700,0.0,usd,2025-10-07,1m
2qgURia1oejhtngnt3cpUXyiKyguaTjEKQPQcmd5pump,6.533485632550089e-06,6.533485632550089e-06,6.533485632550089e-06,6.533485632550089e-06,1m,1759850760,0.0,usd,2025-10-07,1m
2qgURia1oejhtngnt3cpUXyiKyguaTjEKQPQcmd5pump,6.533485632550089e-06,6.533485632550089e-06,6.533485632550089e-06,6.533485632550089e-06,1m,1759850820,0.0,usd,2025-10-07,1m
2qgURia1oejhtngnt3cpUXyiKyguaTjEKQPQcmd5pump,6.533485632550089e-06,6.533485632550089e-06,6.533485632550089e-06,6.533485632550089e-06,1m,1759850880,0.0,usd,2025-10-07,1m
2qgURia1oejhtngnt3cpUXyiKyguaTjEKQPQcmd5pump,6.533485632550089e-06,6.533485632550089e-06,6.533485632550089e-06,6.533485632550089e-06,1m,1759850940,0.0,usd,2025-10-07,1m
2qgURia1oejhtngnt3cpUXyiKyguaTjEKQPQcmd5pump,6.533485632550089e-06,6.533485632550089e-06,6.533485632550089e-06,6.533485632550089e-06,1m,1759851000,0.0,usd,2025-10-07,1m
2qgURia1oejhtngnt3cpUXyiKyguaTjEKQPQcmd5pump,6.533485632550089e-06,6.533485632550089e-06,6.533485632550089e-06,6.533485632550089e-06,1m,1759851060,0.0,usd,2025-10-07,1m
2qgURia1oejhtngnt3cpUXyiKyguaTjEKQPQcmd5pump,6.533485632550089e-06,6.533485632550089e-06,6.533485632550089e-06,6.533485632550089e-06,1m,1759851120,0.0,usd,2025-10-07,1m
2qgURia1oejhtngnt3cpUXyiKyguaTjEKQPQcmd5pump,6.533485632550089e-06,6.533485632550089e-06,6.533485632550089e-06,6.533485632550089e-06,1m,1759851180,0.0,usd,2025-10-07,1m
2qgURia1oejhtngnt3cpUXyiKyguaTjEKQPQcmd5pump,6.533485632550089e-06,6.533485632550089e-06,6.533485632550089e-06,6.533485632550089e-06,1m,1759851240,0.0,usd,2025-10-07,1m
2qgURia1oejhtngnt3cpUXyiKyguaTjEKQPQcmd5pump,6.533485632550089e-06,6.533485632550089e-06,6.533485632550089e-06,6.533485632550089e-06,1m,1759851300,0.0,usd,2025-10-07,1m
2qgURia1oejhtngnt3cpUXyiKyguaTjEKQPQcmd5pump,6.533485632550089e-06,6.533485632550089e-06,6.533485632550089e-06,6.533485632550089e-06,1m,1759851360,0.0,usd,2025-10-07,1m
2qgURia1oejhtngnt3cpUXyiKyguaTjEKQPQcmd5pump,6.533485632550089e-06,6.533485632550089e-06,6.533485632550089e-06,6.533485632550089e-06,1m,1759851420,0.0,usd,2025-10-07,1m
2qgURia1oejhtngnt3cpUXyiKyguaTjEKQPQcmd5pump,6.533485632550089e-06,6.533485632550089e-06,6.533485632550089e-06,6.533485632550089e-06,1m,1759851480,0.0,usd,2025-10-07,1m
2qgURia1oejhtngnt3cpUXyiKyguaTjEKQPQcmd5pump,6.533485632550089e-06,6.533485632550089e-06,6.533485632550089e-06,6.533485632550089e-06,1m,1759851540,0.0,usd,2025-10-07,1m
2qgURia1oejhtngnt3cpUXyiKyguaTjEKQPQcmd5pump,6.533485632550089e-06,6.533485632550089e-06,6.533485632550089e-06,6.533485632550089e-06,1m,1759851600,0.0,usd,2025-10-07,1m
2qgURia1oejhtngnt3cpUXyiKyguaTjEKQPQcmd5pump,6.533485632550089e-06,6.533485632550089e-06,6.533485632550089e-06,6.533485632550089e-06,1m,1759851660,0.0,usd,2025-10-07,1m
2qgURia1oejhtngnt3cpUXyiKyguaTjEKQPQcmd5pump,6.533485632550089e-06,6.533485632550089e-06,6.533485632550089e-06,6.533485632550089e-06,1m,1759851720,0.0,usd,2025-10-07,1m
2qgURia1oejhtngnt3cpUXyiKyguaTjEKQPQcmd5pump,6.533485632550089e-06,6.533485632550089e-06,6.533485632550089e-06,6.533485632550089e-06,1m,1759851780,0.0,usd,2025-10-07,1m
2qgURia1oejhtngnt3cpUXyiKyguaTjEKQPQcmd5pump,6.533485632550089e-06,6.533485632550089e-06,6.533485632550089e-06,6.533485632550089e-06,1m,1759851840,0.0,usd,2025-10-07,1m
2qgURia1oejhtngnt3cpUXyiKyguaTjEKQPQcmd5pump,6.533485632550089e-06,6.533485632550089e-06,6.533485632550089e-06,6.533485632550089e-06,1m,1759851900,0.0,usd,2025-10-07,1m
2qgURia1oejhtngnt3cpUXyiKyguaTjEKQPQcmd5pump,6.533485632550089e-06,6.533485632550089e-06,6.533485632550089e-06,6.533485632550089e-06,1m,1759851960,0.0,usd,2025-10-07,1m
2qgURia1oejhtngnt3cpUXyiKyguaTjEKQPQcmd5pump,6.533485632550089e-06,6.533485632550089e-06,6.533485632550089e-06,6.533485632550089e-06,1m,1759852020,0.0,usd,2025-10-07,1m
2qgURia1oejhtngnt3cpUXyiKyguaTjEKQPQcmd5pump,6.533485632550089e-06,6.533485632550089e-06,6.533485632550089e-06,6.533485632550089e-06,1m,1759852080,0.0,usd,2025-10-07,1m
2qgURia1oejhtngnt3cpUXyiKyguaTjEKQPQcmd5pump,6.533485632550089e-06,6.533485632550089e-06,6.533485632550089e-06,6.533485632550089e-06,1m,1759852140,0.0,usd,2025-10-07,1m
2qgURia1oejhtngnt3cpUXyiKyguaTjEKQPQcmd5pump,6.533485632550089e-06,6.533485632550089e-06,6.533485632550089e-06,6.533485632550089e-06,1m,1759852200,0.0,usd,2025-10-07,1m
2qgURia1oejhtngnt3cpUXyiKyguaTjEKQPQcmd5pump,6.533485632550089e-06,6.533485632550089e-06,6.533485632550089e-06,6.533485632550089e-06,1m,1759852260,0.0,usd,2025-10-07,1m
2qgURia1oejhtngnt3cpUXyiKyguaTjEKQPQcmd5pump,6.533485632550089e-06,6.533485632550089e-06,6.533485632550089e-06,6.533485632550089e-06,1m,1759852320,0.0,usd,2025-10-07,1m
2qgURia1oejhtngnt3cpUXyiKyguaTjEKQPQcmd5pump,6.533485632550089e-06,6.533485632550089e-06,6.533485632550089e-06,6.533485632550089e-06,1m,1759852380,0.0,usd,2025-10-07,1m
2qgURia1oejhtngnt3cpUXyiKyguaTjEKQPQcmd5pump,6.533485632550089e-06,6.533485632550089e-06,6.533485632550089e-06,6.533485632550089e-06,1m,1759852440,0.0,usd,2025-10-07,1m
2qgURia1oejhtngnt3cpUXyiKyguaTjEKQPQcmd5pump,6.533485632550089e-06,6.533485632550089e-06,6.533485632550089e-06,6.533485632550089e-06,1m,1759852500,0.0,usd,2025-10-07,1m
2qgURia1oejhtngnt3cpUXyiKyguaTjEKQPQcmd5pump,6.533485632550089e-06,6.533485632550089e-06,6.533485632550089e-06,6.533485632550089e-06,1m,1759852560,0.0,usd,2025-10-07,1m
2qgURia1oejhtngnt3cpUXyiKyguaTjEKQPQcmd5pump,6.533485632550089e-06,6.533485632550089e-06,6.533485632550089e-06,6.533485632550089e-06,1m,1759852620,0.0,usd,2025-10-07,1m
2qgURia1oejhtngnt3cpUXyiKyguaTjEKQPQcmd5pump,6.533485632550089e-06,6.533485632550089e-06,6.533485632550089e-06,6.533485632550089e-06,1m,1759852680,0.0,usd,2025-10-07,1m
2qgURia1oejhtngnt3cpUXyiKyguaTjEKQPQcmd5pump,6.533485632550089e-06,6.533485632550089e-06,6.533485632550089e-06,6.533485632550089e-06,1m,1759852740,0.0,usd,2025-10-07,1m
2qgURia1oejhtngnt3cpUXyiKyguaTjEKQPQcmd5pump,6.533485632550089e-06,6.533485632550089e-06,6.533485632550089e-06,6.533485632550089e-06,1m,1759852800,0.0,usd,2025-10-07,1m
2qgURia1oejhtngnt3cpUXyiKyguaTjEKQPQcmd5pump,6.533485632550089e-06,6.533485632550089e-06,6.533485632550089e-06,6.533485632550089e-06,1m,1759852860,0.0,usd,2025-10-07,1m
2qgURia1oejhtngnt3cpUXyiKyguaTjEKQPQcmd5pump,6.533485632550089e-06,6.533485632550089e-06,6.533485632550089e-06,6.533485632550089e-06,1m,1759852920,0.0,usd,2025-10-07,1m
2qgURia1oejhtngnt3cpUXyiKyguaTjEKQPQcmd5pump,6.533485632550089e-06,6.533485632550089e-06,6.533485632550089e-06,6.533485632550089e-06,1m,1759852980,0.0,usd,2025-10-07,1m
2qgURia1oejhtngnt3cpUXyiKyguaTjEKQPQcmd5pump,6.533485632550089e-06,6.533485632550089e-06,6.533485632550089e-06,6.533485632550089e-06,1m,1759853040,0.0,usd,2025-10-07,1m
2qgURia1oejhtngnt3cpUXyiKyguaTjEKQPQcmd5pump,6.533485632550089e-06,6.533485632550089e-06,6.533485632550089e-06,6.533485632550089e-06,1m,1759853100,0.0,usd,2025-10-07,1m
2qgURia1oejhtngnt3cpUXyiKyguaTjEKQPQcmd5pump,6.533485632550089e-06,6.533485632550089e-06,6.533485632550089e-06,6.533485632550089e-06,1m,1759853160,0.0,usd,2025-10-07,1m
2qgURia1oejhtngnt3cpUXyiKyguaTjEKQPQcmd5pump,6.533485632550089e-06,6.533485632550089e-06,6.533485632550089e-06,6.533485632550089e-06,1m,1759853220,0.0,usd,2025-10-07,1m
2qgURia1oejhtngnt3cpUXyiKyguaTjEKQPQcmd5pump,6.533485632550089e-06,6.533485632550089e-06,6.533485632550089e-06,6.533485632550089e-06,1m,1759853280,0.0,usd,2025-10-07,1m
2qgURia1oejhtngnt3cpUXyiKyguaTjEKQPQcmd5pump,6.533485632550089e-06,6.533485632550089e-06,6.533485632550089e-06,6.533485632550089e-06,1m,1759853340,0.0,usd,2025-10-07,1m
2qgURia1oejhtngnt3cpUXyiKyguaTjEKQPQcmd5pump,6.533485632550089e-06,6.533485632550089e-06,6.533485632550089e-06,6.533485632550089e-06,1m,1759853400,0.0,usd,2025-10-07,1m
2qgURia1oejhtngnt3cpUXyiKyguaTjEKQPQcmd5pump,6.533485632550089e-06,6.533485632550089e-06,6.533485632550089e-06,6.533485632550089e-06,1m,1759853460,0.0,usd,2025-10-07,1m
2qgURia1oejhtngnt3cpUXyiKyguaTjEKQPQcmd5pump,6.533485632550089e-06,6.533485632550089e-06,6.533485632550089e-06,6.533485632550089e-06,1m,1759853520,0.0,usd,2025-10-07,1m
2qgURia1oejhtngnt3cpUXyiKyguaTjEKQPQcmd5pump,6.533485632550089e-06,6.533485632550089e-06,6.533485632550089e-06,6.533485632550089e-06,1m,1759853580,0.0,usd,2025-10-07,1m
2qgURia1oejhtngnt3cpUXyiKyguaTjEKQPQcmd5pump,6.533485632550089e-06,6.533485632550089e-06,6.533485632550089e-06,6.533485632550089e-06,1m,1759853640,0.0,usd,2025-10-07,1m
2qgURia1oejhtngnt3cpUXyiKyguaTjEKQPQcmd5pump,6.533485632550089e-06,6.533485632550089e-06,6.533485632550089e-06,6.533485632550089e-06,1m,1759853700,0.0,usd,2025-10-07,1m
2qgURia1oejhtngnt3cpUXyiKyguaTjEKQPQcmd5pump,6.533485632550089e-06,6.533485632550089e-06,6.533485632550089e-06,6.533485632550089e-06,1m,1759853760,0.0,usd,2025-10-07,1m
2qgURia1oejhtngnt3cpUXyiKyguaTjEKQPQcmd5pump,6.533485632550089e-06,6.533485632550089e-06,6.533485632550089e-06,6.533485632550089e-06,1m,1759853820,0.0,usd,2025-10-07,1m
2qgURia1oejhtngnt3cpUXyiKyguaTjEKQPQcmd5pump,6.533485632550089e-06,6.533485632550089e-06,6.533485632550089e-06,6.533485632550089e-06,1m,1759853880,0.0,usd,2025-10-07,1m
2qgURia1oejhtngnt3cpUXyiKyguaTjEKQPQcmd5pump,6.533485632550089e-06,6.533485632550089e-06,6.533485632550089e-06,6.533485632550089e-06,1m,1759853940,0.0,usd,2025-10-07,1m
2qgURia1oejhtngnt3cpUXyiKyguaTjEKQPQcmd5pump,6.533485632550089e-06,6.533485632550089e-06,6.533485632550089e-06,6.533485632550089e-06,1m,1759854000,0.0,usd,2025-10-07,1m
2qgURia1oejhtngnt3cpUXyiKyguaTjEKQPQcmd5pump,6.533485632550089e-06,6.533485632550089e-06,6.533485632550089e-06,6.533485632550089e-06,1m,1759854060,0.0,usd,2025-10-07,1m
2qgURia1oejhtngnt3cpUXyiKyguaTjEKQPQcmd5pump,6.533485632550089e-06,6.533485632550089e-06,6.533485632550089e-06,6.533485632550089e-06,1m,1759854120,0.0,usd,2025-10-07,1m
2qgURia1oejhtngnt3cpUXyiKyguaTjEKQPQcmd5pump,6.533485632550089e-06,6.533485632550089e-06,6.533485632550089e-06,6.533485632550089e-06,1m,1759854180,0.0,usd,2025-10-07,1m
2qgURia1oejhtngnt3cpUXyiKyguaTjEKQPQcmd5pump,6.533485632550089e-06,6.533485632550089e-06,6.533485632550089e-06,6.533485632550089e-06,1m,1759854240,0.0,usd,2025-10-07,1m
2qgURia1oejhtngnt3cpUXyiKyguaTjEKQPQcmd5pump,6.533485632550089e-06,6.533485632550089e-06,6.533485632550089e-06,6.533485632550089e-06,1m,1759854300,0.0,usd,2025-10-07,1m
2qgURia1oejhtngnt3cpUXyiKyguaTjEKQPQcmd5pump,6.533485632550089e-06,6.533485632550089e-06,6.533485632550089e-06,6.533485632550089e-06,1m,1759854360,0.0,usd,2025-10-07,1m
2qgURia1oejhtngnt3cpUXyiKyguaTjEKQPQcmd5pump,6.533485632550089e-06,6.533485632550089e-06,6.533485632550089e-06,6.533485632550089e-06,1m,1759854420,0.0,usd,2025-10-07,1m
2qgURia1oejhtngnt3cpUXyiKyguaTjEKQPQcmd5pump,6.533485632550089e-06,6.533485632550089e-06,6.533485632550089e-06,6.533485632550089e-06,1m,1759854480,0.0,usd,2025-10-07,1m
2qgURia1oejhtngnt3cpUXyiKyguaTjEKQPQcmd5pump,6.533485632550089e-06,6.533485632550089e-06,6.533485632550089e-06,6.533485632550089e-06,1m,1759854540,0.0,usd,2025-10-07,1m
2qgURia1oejhtngnt3cpUXyiKyguaTjEKQPQcmd5pump,6.533485632550089e-06,6.533485632550089e-06,6.533485632550089e-06,6.533485632550089e-06,1m,1759854600,0.0,usd,2025-10-07,1m
2qgURia1oejhtngnt3cpUXyiKyguaTjEKQPQcmd5pump,6.533485632550089e-06,6.533485632550089e-06,6.533485632550089e-06,6.533485632550089e-06,1m,1759854660,0.0,usd,2025-10-07,1m
2qgURia1oejhtngnt3cpUXyiKyguaTjEKQPQcmd5pump,6.533485632550089e-06,6.533485632550089e-06,6.533485632550089e-06,6.533485632550089e-06,1m,1759854720,0.0,usd,2025-10-07,1m
2qgURia1oejhtngnt3cpUXyiKyguaTjEKQPQcmd5pump,6.533485632550089e-06,6.533485632550089e-06,6.533485632550089e-06,6.533485632550089e-06,1m,1759854780,0.0,usd,2025-10-07,1m
2qgURia1oejhtngnt3cpUXyiKyguaTjEKQPQcmd5pump,6.533485632550089e-06,6.533485632550089e-06,6.533485632550089e-06,6.533485632550089e-06,1m,1759854840,0.0,usd,2025-10-07,1m
2qgURia1oejhtngnt3cpUXyiKyguaTjEKQPQcmd5pump,6.533485632550089e-06,6.533485632550089e-06,6.533485632550089e-06,6.533485632550089e-06,1m,1759854900,0.0,usd,2025-10-07,1m
2qgURia1oejhtngnt3cpUXyiKyguaTjEKQPQcmd5pump,6.533485632550089e-06,6.533485632550089e-06,6.533485632550089e-06,6.533485632550089e-06,1m,1759854960,0.0,usd,2025-10-07,1m
2qgURia1oejhtngnt3cpUXyiKyguaTjEKQPQcmd5pump,6.533485632550089e-06,6.533485632550089e-06,6.533485632550089e-06,6.533485632550089e-06,1m,1759855020,0.0,usd,2025-10-07,1m
2qgURia1oejhtngnt3cpUXyiKyguaTjEKQPQcmd5pump,6.533485632550089e-06,6.533485632550089e-06,6.533485632550089e-06,6.533485632550089e-06,1m,1759855080,0.0,usd,2025-10-07,1m
2qgURia1oejhtngnt3cpUXyiKyguaTjEKQPQcmd5pump,6.533485632550089e-06,6.533485632550089e-06,6.533485632550089e-06,6.533485632550089e-06,1m,1759855140,0.0,usd,2025-10-07,1m
2qgURia1oejhtngnt3cpUXyiKyguaTjEKQPQcmd5pump,6.533485632550089e-06,6.533485632550089e-06,6.533485632550089e-06,6.533485632550089e-06,1m,1759855200,0.0,usd,2025-10-07,1m
2qgURia1oejhtngnt3cpUXyiKyguaTjEKQPQcmd5pump,6.533485632550089e-06,6.533485632550089e-06,6.533485632550089e-06,6.533485632550089e-06,1m,1759855260,0.0,usd,2025-10-07,1m
2qgURia1oejhtngnt3cpUXyiKyguaTjEKQPQcmd5pump,6.533485632550089e-06,6.533485632550089e-06,6.533485632550089e-06,6.533485632550089e-06,1m,1759855320,0.0,usd,2025-10-07,1m
2qgURia1oejhtngnt3cpUXyiKyguaTjEKQPQcmd5pump,6.533485632550089e-06,6.533485632550089e-06,6.533485632550089e-06,6.533485632550089e-06,1m,1759855380,0.0,usd,2025-10-07,1m
2qgURia1oejhtngnt3cpUXyiKyguaTjEKQPQcmd5pump,6.533485632550089e-06,6.533485632550089e-06,6.533485632550089e-06,6.533485632550089e-06,1m,1759855440,0.0,usd,2025-10-07,1m
2qgURia1oejhtngnt3cpUXyiKyguaTjEKQPQcmd5pump,6.533485632550089e-06,6.533485632550089e-06,6.533485632550089e-06,6.533485632550089e-06,1m,1759855500,0.0,usd,2025-10-07,1m
2qgURia1oejhtngnt3cpUXyiKyguaTjEKQPQcmd5pump,6.533485632550089e-06,6.533485632550089e-06,6.533485632550089e-06,6.533485632550089e-06,1m,1759855560,0.0,usd,2025-10-07,1m
2qgURia1oejhtngnt3cpUXyiKyguaTjEKQPQcmd5pump,6.533485632550089e-06,6.533485632550089e-06,6.533485632550089e-06,6.533485632550089e-06,1m,1759855620,0.0,usd,2025-10-07,1m
2qgURia1oejhtngnt3cpUXyiKyguaTjEKQPQcmd5pump,6.533485632550089e-06,6.533485632550089e-06,6.533485632550089e-06,6.533485632550089e-06,1m,1759855680,0.0,usd,2025-10-07,1m
2qgURia1oejhtngnt3cpUXyiKyguaTjEKQPQcmd5pump,6.533485632550089e-06,6.533485632550089e-06,6.533485632550089e-06,6.533485632550089e-06,1m,1759855740,0.0,usd,2025-10-07,1m
2qgURia1oejhtngnt3cpUXyiKyguaTjEKQPQcmd5pump,6.533485632550089e-06,6.533485632550089e-06,6.533485632550089e-06,6.533485632550089e-06,1m,1759855800,0.0,usd,2025-10-07,1m
2qgURia1oejhtngnt3cpUXyiKyguaTjEKQPQcmd5pump,6.533485632550089e-06,6.533485632550089e-06,6.533485632550089e-06,6.533485632550089e-06,1m,1759855860,0.0,usd,2025-10-07,1m
2qgURia1oejhtngnt3cpUXyiKyguaTjEKQPQcmd5pump,6.533485632550089e-06,6.533485632550089e-06,6.533485632550089e-06,6.533485632550089e-06,1m,1759855920,0.0,usd,2025-10-07,1m
2qgURia1oejhtngnt3cpUXyiKyguaTjEKQPQcmd5pump,6.533485632550089e-06,6.533485632550089e-06,6.533485632550089e-06,6.533485632550089e-06,1m,1759855980,0.0,usd,2025-10-07,1m
2qgURia1oejhtngnt3cpUXyiKyguaTjEKQPQcmd5pump,6.533485632550089e-06,6.533485632550089e-06,6.533485632550089e-06,6.533485632550089e-06,1m,1759856040,0.0,usd,2025-10-07,1m
2qgURia1oejhtngnt3cpUXyiKyguaTjEKQPQcmd5pump,6.533485632550089e-06,6.533485632550089e-06,6.533485632550089e-06,6.533485632550089e-06,1m,1759856100,0.0,usd,2025-10-07,1m
2qgURia1oejhtngnt3cpUXyiKyguaTjEKQPQcmd5pump,6.533485632550089e-06,6.533485632550089e-06,6.533485632550089e-06,6.533485632550089e-06,1m,1759856160,0.0,usd,2025-10-07,1m
2qgURia1oejhtngnt3cpUXyiKyguaTjEKQPQcmd5pump,6.533485632550089e-06,6.533485632550089e-06,6.533485632550089e-06,6.533485632550089e-06,1m,1759856220,0.0,usd,2025-10-07,1m
2qgURia1oejhtngnt3cpUXyiKyguaTjEKQPQcmd5pump,6.533485632550089e-06,6.533485632550089e-06,6.533485632550089e-06,6.533485632550089e-06,1m,1759856280,0.0,usd,2025-10-07,1m
2qgURia1oejhtngnt3cpUXyiKyguaTjEKQPQcmd5pump,6.533485632550089e-06,6.533485632550089e-06,6.533485632550089e-06,6.533485632550089e-06,1m,1759856340,0.0,usd,2025-10-07,1m
2qgURia1oejhtngnt3cpUXyiKyguaTjEKQPQcmd5pump,6.533485632550089e-06,6.533485632550089e-06,6.533485632550089e-06,6.533485632550089e-06,1m,1759856400,0.0,usd,2025-10-07,1m
2qgURia1oejhtngnt3cpUXyiKyguaTjEKQPQcmd5pump,6.533485632550089e-06,6.533485632550089e-06,6.533485632550089e-06,6.533485632550089e-06,1m,1759856460,0.0,usd,2025-10-07,1m
2qgURia1oejhtngnt3cpUXyiKyguaTjEKQPQcmd5pump,6.533485632550089e-06,6.533485632550089e-06,6.533485632550089e-06,6.533485632550089e-06,1m,1759856520,0.0,usd,2025-10-07,1m
2qgURia1oejhtngnt3cpUXyiKyguaTjEKQPQcmd5pump,6.533485632550089e-06,6.533485632550089e-06,6.533485632550089e-06,6.533485632550089e-06,1m,1759856580,0.0,usd,2025-10-07,1m
2qgURia1oejhtngnt3cpUXyiKyguaTjEKQPQcmd5pump,6.533485632550089e-06,6.533485632550089e-06,6.533485632550089e-06,6.533485632550089e-06,1m,1759856640,0.0,usd,2025-10-07,1m
2qgURia1oejhtngnt3cpUXyiKyguaTjEKQPQcmd5pump,6.533485632550089e-06,6.533485632550089e-06,6.533485632550089e-06,6.533485632550089e-06,1m,1759856700,0.0,usd,2025-10-07,1m
2qgURia1oejhtngnt3cpUXyiKyguaTjEKQPQcmd5pump,6.533485632550089e-06,6.533485632550089e-06,6.533485632550089e-06,6.533485632550089e-06,1m,1759856760,0.0,usd,2025-10-07,1m
2qgURia1oejhtngnt3cpUXyiKyguaTjEKQPQcmd5pump,6.533485632550089e-06,6.533485632550089e-06,6.533485632550089e-06,6.533485632550089e-06,1m,1759856820,0.0,usd,2025-10-07,1m
2qgURia1oejhtngnt3cpUXyiKyguaTjEKQPQcmd5pump,6.533485632550089e-06,6.533485632550089e-06,6.533485632550089e-06,6.533485632550089e-06,1m,1759856880,0.0,usd,2025-10-07,1m
2qgURia1oejhtngnt3cpUXyiKyguaTjEKQPQcmd5pump,6.533485632550089e-06,6.533485632550089e-06,6.533485632550089e-06,6.533485632550089e-06,1m,1759856940,0.0,usd,2025-10-07,1m
2qgURia1oejhtngnt3cpUXyiKyguaTjEKQPQcmd5pump,6.533485632550089e-06,6.533485632550089e-06,6.533485632550089e-06,6.533485632550089e-06,1m,1759857000,0.0,usd,2025-10-07,1m
2qgURia1oejhtngnt3cpUXyiKyguaTjEKQPQcmd5pump,6.533485632550089e-06,6.533485632550089e-06,6.533485632550089e-06,6.533485632550089e-06,1m,1759857060,0.0,usd,2025-10-07,1m
2qgURia1oejhtngnt3cpUXyiKyguaTjEKQPQcmd5pump,6.533485632550089e-06,6.533485632550089e-06,6.533485632550089e-06,6.533485632550089e-06,1m,1759857120,0.0,usd,2025-10-07,1m
2qgURia1oejhtngnt3cpUXyiKyguaTjEKQPQcmd5pump,6.533485632550089e-06,6.533485632550089e-06,6.533485632550089e-06,6.533485632550089e-06,1m,1759857180,0.0,usd,2025-10-07,1m
2qgURia1oejhtngnt3cpUXyiKyguaTjEKQPQcmd5pump,6.533485632550089e-06,6.533485632550089e-06,6.533485632550089e-06,6.533485632550089e-06,1m,1759857240,0.0,usd,2025-10-07,1m
2qgURia1oejhtngnt3cpUXyiKyguaTjEKQPQcmd5pump,6.533485632550089e-06,6.533485632550089e-06,6.533485632550089e-06,6.533485632550089e-06,1m,1759857300,0.0,usd,2025-10-07,1m
2qgURia1oejhtngnt3cpUXyiKyguaTjEKQPQcmd5pump,6.533485632550089e-06,6.533485632550089e-06,6.533485632550089e-06,6.533485632550089e-06,1m,1759857360,0.0,usd,2025-10-07,1m
2qgURia1oejhtngnt3cpUXyiKyguaTjEKQPQcmd5pump,6.533485632550089e-06,6.533485632550089e-06,6.533485632550089e-06,6.533485632550089e-06,1m,1759857420,0.0,usd,2025-10-07,1m
2qgURia1oejhtngnt3cpUXyiKyguaTjEKQPQcmd5pump,6.533485632550089e-06,6.533485632550089e-06,6.533485632550089e-06,6.533485632550089e-06,1m,1759857480,0.0,usd,2025-10-07,1m
2qgURia1oejhtngnt3cpUXyiKyguaTjEKQPQcmd5pump,6.533485632550089e-06,6.533485632550089e-06,6.533485632550089e-06,6.533485632550089e-06,1m,1759857540,0.0,usd,2025-10-07,1m
2qgURia1oejhtngnt3cpUXyiKyguaTjEKQPQcmd5pump,6.533485632550089e-06,6.533485632550089e-06,6.533485632550089e-06,6.533485632550089e-06,1m,1759857600,0.0,usd,2025-10-07,1m
2qgURia1oejhtngnt3cpUXyiKyguaTjEKQPQcmd5pump,6.533485632550089e-06,6.533485632550089e-06,6.533485632550089e-06,6.533485632550089e-06,1m,1759857660,0.0,usd,2025-10-07,1m
2qgURia1oejhtngnt3cpUXyiKyguaTjEKQPQcmd5pump,6.533485632550089e-06,6.533485632550089e-06,6.533485632550089e-06,6.533485632550089e-06,1m,1759857720,0.0,usd,2025-10-07,1m
2qgURia1oejhtngnt3cpUXyiKyguaTjEKQPQcmd5pump,6.533485632550089e-06,6.533485632550089e-06,6.533485632550089e-06,6.533485632550089e-06,1m,1759857780,0.0,usd,2025-10-07,1m
2qgURia1oejhtngnt3cpUXyiKyguaTjEKQPQcmd5pump,6.533485632550089e-06,6.533485632550089e-06,6.533485632550089e-06,6.533485632550089e-06,1m,1759857840,0.0,usd,2025-10-07,1m
2qgURia1oejhtngnt3cpUXyiKyguaTjEKQPQcmd5pump,6.533485632550089e-06,6.533485632550089e-06,6.533485632550089e-06,6.533485632550089e-06,1m,1759857900,0.0,usd,2025-10-07,1m
2qgURia1oejhtngnt3cpUXyiKyguaTjEKQPQcmd5pump,6.533485632550089e-06,6.533485632550089e-06,6.533485632550089e-06,6.533485632550089e-06,1m,1759857960,0.0,usd,2025-10-07,1m
2qgURia1oejhtngnt3cpUXyiKyguaTjEKQPQcmd5pump,6.533485632550089e-06,6.533485632550089e-06,6.533485632550089e-06,6.533485632550089e-06,1m,1759858020,0.0,usd,2025-10-07,1m
2qgURia1oejhtngnt3cpUXyiKyguaTjEKQPQcmd5pump,6.533485632550089e-06,6.533485632550089e-06,6.533485632550089e-06,6.533485632550089e-06,1m,1759858080,0.0,usd,2025-10-07,1m
2qgURia1oejhtngnt3cpUXyiKyguaTjEKQPQcmd5pump,6.533485632550089e-06,6.533485632550089e-06,6.533485632550089e-06,6.533485632550089e-06,1m,1759858140,0.0,usd,2025-10-07,1m
2qgURia1oejhtngnt3cpUXyiKyguaTjEKQPQcmd5pump,6.533485632550089e-06,6.533485632550089e-06,6.533485632550089e-06,6.533485632550089e-06,1m,1759858200,0.0,usd,2025-10-07,1m
2qgURia1oejhtngnt3cpUXyiKyguaTjEKQPQcmd5pump,6.533485632550089e-06,6.533485632550089e-06,6.533485632550089e-06,6.533485632550089e-06,1m,1759858260,0.0,usd,2025-10-07,1m
2qgURia1oejhtngnt3cpUXyiKyguaTjEKQPQcmd5pump,6.533485632550089e-06,6.533485632550089e-06,6.533485632550089e-06,6.533485632550089e-06,1m,1759858320,0.0,usd,2025-10-07,1m
2qgURia1oejhtngnt3cpUXyiKyguaTjEKQPQcmd5pump,6.533485632550089e-06,6.533485632550089e-06,6.533485632550089e-06,6.533485632550089e-06,1m,1759858380,0.0,usd,2025-10-07,1m
2qgURia1oejhtngnt3cpUXyiKyguaTjEKQPQcmd5pump,6.533485632550089e-06,6.533485632550089e-06,6.533485632550089e-06,6.533485632550089e-06,1m,1759858440,0.0,usd,2025-10-07,1m
2qgURia1oejhtngnt3cpUXyiKyguaTjEKQPQcmd5pump,6.533485632550089e-06,6.533485632550089e-06,6.533485632550089e-06,6.533485632550089e-06,1m,1759858500,0.0,usd,2025-10-07,1m
2qgURia1oejhtngnt3cpUXyiKyguaTjEKQPQcmd5pump,6.533485632550089e-06,6.533485632550089e-06,6.533485632550089e-06,6.533485632550089e-06,1m,1759858560,0.0,usd,2025-10-07,1m
2qgURia1oejhtngnt3cpUXyiKyguaTjEKQPQcmd5pump,6.533485632550089e-06,6.533485632550089e-06,6.533485632550089e-06,6.533485632550089e-06,1m,1759858620,0.0,usd,2025-10-07,1m
2qgURia1oejhtngnt3cpUXyiKyguaTjEKQPQcmd5pump,6.533485632550089e-06,6.533485632550089e-06,6.533485632550089e-06,6.533485632550089e-06,1m,1759858680,0.0,usd,2025-10-07,1m
2qgURia1oejhtngnt3cpUXyiKyguaTjEKQPQcmd5pump,6.533485632550089e-06,6.533485632550089e-06,6.533485632550089e-06,6.533485632550089e-06,1m,1759858740,0.0,usd,2025-10-07,1m
2qgURia1oejhtngnt3cpUXyiKyguaTjEKQPQcmd5pump,6.533485632550089e-06,6.533485632550089e-06,6.533485632550089e-06,6.533485632550089e-06,1m,1759858800,0.0,usd,2025-10-07,1m
2qgURia1oejhtngnt3cpUXyiKyguaTjEKQPQcmd5pump,6.533485632550089e-06,6.533485632550089e-06,6.533485632550089e-06,6.533485632550089e-06,1m,1759858860,0.0,usd,2025-10-07,1m
2qgURia1oejhtngnt3cpUXyiKyguaTjEKQPQcmd5pump,6.533485632550089e-06,6.533485632550089e-06,6.533485632550089e-06,6.533485632550089e-06,1m,1759858920,0.0,usd,2025-10-07,1m
2qgURia1oejhtngnt3cpUXyiKyguaTjEKQPQcmd5pump,6.533485632550089e-06,6.533485632550089e-06,6.533485632550089e-06,6.533485632550089e-06,1m,1759858980,0.0,usd,2025-10-07,1m
2qgURia1oejhtngnt3cpUXyiKyguaTjEKQPQcmd5pump,6.533485632550089e-06,6.533485632550089e-06,6.533485632550089e-06,6.533485632550089e-06,1m,1759859040,0.0,usd,2025-10-07,1m
2qgURia1oejhtngnt3cpUXyiKyguaTjEKQPQcmd5pump,6.533485632550089e-06,6.533485632550089e-06,6.533485632550089e-06,6.533485632550089e-06,1m,1759859100,0.0,usd,2025-10-07,1m
2qgURia1oejhtngnt3cpUXyiKyguaTjEKQPQcmd5pump,6.533485632550089e-06,6.533485632550089e-06,6.533485632550089e-06,6.533485632550089e-06,1m,1759859160,0.0,usd,2025-10-07,1m
2qgURia1oejhtngnt3cpUXyiKyguaTjEKQPQcmd5pump,6.533485632550089e-06,6.533485632550089e-06,6.533485632550089e-06,6.533485632550089e-06,1m,1759859220,0.0,usd,2025-10-07,1m
2qgURia1oejhtngnt3cpUXyiKyguaTjEKQPQcmd5pump,6.533485632550089e-06,6.533485632550089e-06,6.533485632550089e-06,6.533485632550089e-06,1m,1759859280,0.0,usd,2025-10-07,1m
2qgURia1oejhtngnt3cpUXyiKyguaTjEKQPQcmd5pump,6.533485632550089e-06,6.533485632550089e-06,6.533485632550089e-06,6.533485632550089e-06,1m,1759859340,0.0,usd,2025-10-07,1m
2qgURia1oejhtngnt3cpUXyiKyguaTjEKQPQcmd5pump,6.533485632550089e-06,6.533485632550089e-06,6.533485632550089e-06,6.533485632550089e-06,1m,1759859400,0.0,usd,2025-10-07,1m
2qgURia1oejhtngnt3cpUXyiKyguaTjEKQPQcmd5pump,6.533485632550089e-06,6.533485632550089e-06,6.533485632550089e-06,6.533485632550089e-06,1m,1759859460,0.0,usd,2025-10-07,1m
2qgURia1oejhtngnt3cpUXyiKyguaTjEKQPQcmd5pump,6.533485632550089e-06,6.533485632550089e-06,6.533485632550089e-06,6.533485632550089e-06,1m,1759859520,0.0,usd,2025-10-07,1m
2qgURia1oejhtngnt3cpUXyiKyguaTjEKQPQcmd5pump,6.533485632550089e-06,6.533485632550089e-06,6.533485632550089e-06,6.533485632550089e-06,1m,1759859580,0.0,usd,2025-10-07,1m
2qgURia1oejhtngnt3cpUXyiKyguaTjEKQPQcmd5pump,6.533485632550089e-06,6.533485632550089e-06,6.533485632550089e-06,6.533485632550089e-06,1m,1759859640,0.0,usd,2025-10-07,1m
2qgURia1oejhtngnt3cpUXyiKyguaTjEKQPQcmd5pump,6.533485632550089e-06,6.533485632550089e-06,6.533485632550089e-06,6.533485632550089e-06,1m,1759859700,0.0,usd,2025-10-07,1m
2qgURia1oejhtngnt3cpUXyiKyguaTjEKQPQcmd5pump,6.533485632550089e-06,6.533485632550089e-06,6.533485632550089e-06,6.533485632550089e-06,1m,1759859760,0.0,usd,2025-10-07,1m
2qgURia1oejhtngnt3cpUXyiKyguaTjEKQPQcmd5pump,6.533485632550089e-06,6.533485632550089e-06,6.533485632550089e-06,6.533485632550089e-06,1m,1759859820,0.0,usd,2025-10-07,1m
2qgURia1oejhtngnt3cpUXyiKyguaTjEKQPQcmd5pump,6.533485632550089e-06,6.533485632550089e-06,6.533485632550089e-06,6.533485632550089e-06,1m,1759859880,0.0,usd,2025-10-07,1m
2qgURia1oejhtngnt3cpUXyiKyguaTjEKQPQcmd5pump,6.533485632550089e-06,6.533485632550089e-06,6.533485632550089e-06,6.533485632550089e-06,1m,1759859940,0.0,usd,2025-10-07,1m
2qgURia1oejhtngnt3cpUXyiKyguaTjEKQPQcmd5pump,6.533485632550089e-06,6.533485632550089e-06,6.533485632550089e-06,6.533485632550089e-06,1m,1759860000,0.0,usd,2025-10-07,1m
2qgURia1oejhtngnt3cpUXyiKyguaTjEKQPQcmd5pump,6.533485632550089e-06,6.533485632550089e-06,6.533485632550089e-06,6.533485632550089e-06,1m,1759860060,0.0,usd,2025-10-07,1m
2qgURia1oejhtngnt3cpUXyiKyguaTjEKQPQcmd5pump,6.533485632550089e-06,6.533485632550089e-06,6.533485632550089e-06,6.533485632550089e-06,1m,1759860120,0.0,usd,2025-10-07,1m
2qgURia1oejhtngnt3cpUXyiKyguaTjEKQPQcmd5pump,6.533485632550089e-06,6.533485632550089e-06,6.533485632550089e-06,6.533485632550089e-06,1m,1759860180,0.0,usd,2025-10-07,1m
2qgURia1oejhtngnt3cpUXyiKyguaTjEKQPQcmd5pump,6.533485632550089e-06,6.533485632550089e-06,6.533485632550089e-06,6.533485632550089e-06,1m,1759860240,0.0,usd,2025-10-07,1m
2qgURia1oejhtngnt3cpUXyiKyguaTjEKQPQcmd5pump,6.533485632550089e-06,6.533485632550089e-06,6.533485632550089e-06,6.533485632550089e-06,1m,1759860300,0.0,usd,2025-10-07,1m
2qgURia1oejhtngnt3cpUXyiKyguaTjEKQPQcmd5pump,6.533485632550089e-06,6.533485632550089e-06,6.533485632550089e-06,6.533485632550089e-06,1m,1759860360,0.0,usd,2025-10-07,1m
2qgURia1oejhtngnt3cpUXyiKyguaTjEKQPQcmd5pump,6.533485632550089e-06,6.533485632550089e-06,6.533485632550089e-06,6.533485632550089e-06,1m,1759860420,0.0,usd,2025-10-07,1m
2qgURia1oejhtngnt3cpUXyiKyguaTjEKQPQcmd5pump,6.533485632550089e-06,6.533485632550089e-06,6.533485632550089e-06,6.533485632550089e-06,1m,1759860480,0.0,usd,2025-10-07,1m
2qgURia1oejhtngnt3cpUXyiKyguaTjEKQPQcmd5pump,6.533485632550089e-06,6.533485632550089e-06,6.533485632550089e-06,6.533485632550089e-06,1m,1759860540,0.0,usd,2025-10-07,1m
2qgURia1oejhtngnt3cpUXyiKyguaTjEKQPQcmd5pump,6.533485632550089e-06,6.533485632550089e-06,6.533485632550089e-06,6.533485632550089e-06,1m,1759860600,0.0,usd,2025-10-07,1m
2qgURia1oejhtngnt3cpUXyiKyguaTjEKQPQcmd5pump,6.533485632550089e-06,6.533485632550089e-06,6.533485632550089e-06,6.533485632550089e-06,1m,1759860660,0.0,usd,2025-10-07,1m
2qgURia1oejhtngnt3cpUXyiKyguaTjEKQPQcmd5pump,6.533485632550089e-06,6.533485632550089e-06,6.533485632550089e-06,6.533485632550089e-06,1m,1759860720,0.0,usd,2025-10-07,1m
2qgURia1oejhtngnt3cpUXyiKyguaTjEKQPQcmd5pump,6.533485632550089e-06,6.533485632550089e-06,6.533485632550089e-06,6.533485632550089e-06,1m,1759860780,0.0,usd,2025-10-07,1m
2qgURia1oejhtngnt3cpUXyiKyguaTjEKQPQcmd5pump,6.533485632550089e-06,6.533485632550089e-06,6.533485632550089e-06,6.533485632550089e-06,1m,1759860840,0.0,usd,2025-10-07,1m
2qgURia1oejhtngnt3cpUXyiKyguaTjEKQPQcmd5pump,6.533485632550089e-06,6.533485632550089e-06,6.533485632550089e-06,6.533485632550089e-06,1m,1759860900,0.0,usd,2025-10-07,1m
2qgURia1oejhtngnt3cpUXyiKyguaTjEKQPQcmd5pump,6.533485632550089e-06,6.533485632550089e-06,6.533485632550089e-06,6.533485632550089e-06,1m,1759860960,0.0,usd,2025-10-07,1m
2qgURia1oejhtngnt3cpUXyiKyguaTjEKQPQcmd5pump,6.533485632550089e-06,6.533485632550089e-06,6.533485632550089e-06,6.533485632550089e-06,1m,1759861020,0.0,usd,2025-10-07,1m
2qgURia1oejhtngnt3cpUXyiKyguaTjEKQPQcmd5pump,6.533485632550089e-06,6.533485632550089e-06,6.533485632550089e-06,6.533485632550089e-06,1m,1759861080,0.0,usd,2025-10-07,1m
2qgURia1oejhtngnt3cpUXyiKyguaTjEKQPQcmd5pump,6.533485632550089e-06,6.533485632550089e-06,6.533485632550089e-06,6.533485632550089e-06,1m,1759861140,0.0,usd,2025-10-07,1m
2qgURia1oejhtngnt3cpUXyiKyguaTjEKQPQcmd5pump,6.533485632550089e-06,6.533485632550089e-06,6.533485632550089e-06,6.533485632550089e-06,1m,1759861200,0.0,usd,2025-10-07,1m
2qgURia1oejhtngnt3cpUXyiKyguaTjEKQPQcmd5pump,6.533485632550089e-06,6.533485632550089e-06,6.533485632550089e-06,6.533485632550089e-06,1m,1759861260,0.0,usd,2025-10-07,1m
2qgURia1oejhtngnt3cpUXyiKyguaTjEKQPQcmd5pump,6.533485632550089e-06,6.533485632550089e-06,6.533485632550089e-06,6.533485632550089e-06,1m,1759861320,0.0,usd,2025-10-07,1m
2qgURia1oejhtngnt3cpUXyiKyguaTjEKQPQcmd5pump,6.533485632550089e-06,6.533485632550089e-06,6.533485632550089e-06,6.533485632550089e-06,1m,1759861380,0.0,usd,2025-10-07,1m
2qgURia1oejhtngnt3cpUXyiKyguaTjEKQPQcmd5pump,6.533485632550089e-06,6.533485632550089e-06,6.533485632550089e-06,6.533485632550089e-06,1m,1759861440,0.0,usd,2025-10-07,1m
2qgURia1oejhtngnt3cpUXyiKyguaTjEKQPQcmd5pump,6.533485632550089e-06,6.533485632550089e-06,6.533485632550089e-06,6.533485632550089e-06,1m,1759861500,0.0,usd,2025-10-07,1m
2qgURia1oejhtngnt3cpUXyiKyguaTjEKQPQcmd5pump,6.533485632550089e-06,6.533485632550089e-06,6.533485632550089e-06,6.533485632550089e-06,1m,1759861560,0.0,usd,2025-10-07,1m
2qgURia1oejhtngnt3cpUXyiKyguaTjEKQPQcmd5pump,6.533485632550089e-06,6.533485632550089e-06,6.533485632550089e-06,6.533485632550089e-06,1m,1759861620,0.0,usd,2025-10-07,1m
2qgURia1oejhtngnt3cpUXyiKyguaTjEKQPQcmd5pump,6.533485632550089e-06,6.533485632550089e-06,6.533485632550089e-06,6.533485632550089e-06,1m,1759861680,0.0,usd,2025-10-07,1m
2qgURia1oejhtngnt3cpUXyiKyguaTjEKQPQcmd5pump,6.533485632550089e-06,6.533485632550089e-06,6.533485632550089e-06,6.533485632550089e-06,1m,1759861740,0.0,usd,2025-10-07,1m
2qgURia1oejhtngnt3cpUXyiKyguaTjEKQPQcmd5pump,6.533485632550089e-06,6.533485632550089e-06,6.533485632550089e-06,6.533485632550089e-06,1m,1759861800,0.0,usd,2025-10-07,1m
2qgURia1oejhtngnt3cpUXyiKyguaTjEKQPQcmd5pump,6.533485632550089e-06,6.533485632550089e-06,6.533485632550089e-06,6.533485632550089e-06,1m,1759861860,0.0,usd,2025-10-07,1m
2qgURia1oejhtngnt3cpUXyiKyguaTjEKQPQcmd5pump,6.533485632550089e-06,6.533485632550089e-06,6.533485632550089e-06,6.533485632550089e-06,1m,1759861920,0.0,usd,2025-10-07,1m
2qgURia1oejhtngnt3cpUXyiKyguaTjEKQPQcmd5pump,6.533485632550089e-06,6.533485632550089e-06,6.533485632550089e-06,6.533485632550089e-06,1m,1759861980,0.0,usd,2025-10-07,1m
2qgURia1oejhtngnt3cpUXyiKyguaTjEKQPQcmd5pump,6.533485632550089e-06,6.533485632550089e-06,6.533485632550089e-06,6.533485632550089e-06,1m,1759862040,0.0,usd,2025-10-07,1m
2qgURia1oejhtngnt3cpUXyiKyguaTjEKQPQcmd5pump,6.533485632550089e-06,6.533485632550089e-06,6.533485632550089e-06,6.533485632550089e-06,1m,1759862100,0.0,usd,2025-10-07,1m
2qgURia1oejhtngnt3cpUXyiKyguaTjEKQPQcmd5pump,6.533485632550089e-06,6.533485632550089e-06,6.533485632550089e-06,6.533485632550089e-06,1m,1759862160,0.0,usd,2025-10-07,1m
2qgURia1oejhtngnt3cpUXyiKyguaTjEKQPQcmd5pump,6.533485632550089e-06,6.533485632550089e-06,6.533485632550089e-06,6.533485632550089e-06,1m,1759862220,0.0,usd,2025-10-07,1m
2qgURia1oejhtngnt3cpUXyiKyguaTjEKQPQcmd5pump,6.533485632550089e-06,6.533485632550089e-06,6.533485632550089e-06,6.533485632550089e-06,1m,1759862280,0.0,usd,2025-10-07,1m
2qgURia1oejhtngnt3cpUXyiKyguaTjEKQPQcmd5pump,6.533485632550089e-06,6.533485632550089e-06,6.533485632550089e-06,6.533485632550089e-06,1m,1759862340,0.0,usd,2025-10-07,1m
2qgURia1oejhtngnt3cpUXyiKyguaTjEKQPQcmd5pump,6.533485632550089e-06,6.533485632550089e-06,6.533485632550089e-06,6.533485632550089e-06,1m,1759862400,0.0,usd,2025-10-07,1m
2qgURia1oejhtngnt3cpUXyiKyguaTjEKQPQcmd5pump,6.533485632550089e-06,6.533485632550089e-06,6.533485632550089e-06,6.533485632550089e-06,1m,1759862460,0.0,usd,2025-10-07,1m
2qgURia1oejhtngnt3cpUXyiKyguaTjEKQPQcmd5pump,6.533485632550089e-06,6.533485632550089e-06,6.533485632550089e-06,6.533485632550089e-06,1m,1759862520,0.0,usd,2025-10-07,1m
2qgURia1oejhtngnt3cpUXyiKyguaTjEKQPQcmd5pump,6.533485632550089e-06,6.533485632550089e-06,6.533485632550089e-06,6.533485632550089e-06,1m,1759862580,0.0,usd,2025-10-07,1m
2qgURia1oejhtngnt3cpUXyiKyguaTjEKQPQcmd5pump,6.533485632550089e-06,6.533485632550089e-06,6.533485632550089e-06,6.533485632550089e-06,1m,1759862640,0.0,usd,2025-10-07,1m
2qgURia1oejhtngnt3cpUXyiKyguaTjEKQPQcmd5pump,6.533485632550089e-06,6.533485632550089e-06,6.533485632550089e-06,6.533485632550089e-06,1m,1759862700,0.0,usd,2025-10-07,1m
2qgURia1oejhtngnt3cpUXyiKyguaTjEKQPQcmd5pump,6.533485632550089e-06,6.533485632550089e-06,6.533485632550089e-06,6.533485632550089e-06,1m,1759862760,0.0,usd,2025-10-07,1m
2qgURia1oejhtngnt3cpUXyiKyguaTjEKQPQcmd5pump,6.533485632550089e-06,6.533485632550089e-06,6.533485632550089e-06,6.533485632550089e-06,1m,1759862820,0.0,usd,2025-10-07,1m
2qgURia1oejhtngnt3cpUXyiKyguaTjEKQPQcmd5pump,6.533485632550089e-06,6.533485632550089e-06,6.533485632550089e-06,6.533485632550089e-06,1m,1759862880,0.0,usd,2025-10-07,1m
2qgURia1oejhtngnt3cpUXyiKyguaTjEKQPQcmd5pump,6.533485632550089e-06,6.533485632550089e-06,6.533485632550089e-06,6.533485632550089e-06,1m,1759862940,0.0,usd,2025-10-07,1m
2qgURia1oejhtngnt3cpUXyiKyguaTjEKQPQcmd5pump,6.533485632550089e-06,6.533485632550089e-06,6.533485632550089e-06,6.533485632550089e-06,1m,1759863000,0.0,usd,2025-10-07,1m
2qgURia1oejhtngnt3cpUXyiKyguaTjEKQPQcmd5pump,6.533485632550089e-06,6.533485632550089e-06,6.533485632550089e-06,6.533485632550089e-06,1m,1759863060,0.0,usd,2025-10-07,1m
2qgURia1oejhtngnt3cpUXyiKyguaTjEKQPQcmd5pump,6.533485632550089e-06,6.533485632550089e-06,6.533485632550089e-06,6.533485632550089e-06,1m,1759863120,0.0,usd,2025-10-07,1m
2qgURia1oejhtngnt3cpUXyiKyguaTjEKQPQcmd5pump,6.533485632550089e-06,6.533485632550089e-06,6.533485632550089e-06,6.533485632550089e-06,1m,1759863180,0.0,usd,2025-10-07,1m
2qgURia1oejhtngnt3cpUXyiKyguaTjEKQPQcmd5pump,6.533485632550089e-06,6.533485632550089e-06,6.533485632550089e-06,6.533485632550089e-06,1m,1759863240,0.0,usd,2025-10-07,1m
2qgURia1oejhtngnt3cpUXyiKyguaTjEKQPQcmd5pump,6.533485632550089e-06,6.533485632550089e-06,6.533485632550089e-06,6.533485632550089e-06,1m,1759863300,0.0,usd,2025-10-07,1m
2qgURia1oejhtngnt3cpUXyiKyguaTjEKQPQcmd5pump,6.533485632550089e-06,6.533485632550089e-06,6.533485632550089e-06,6.533485632550089e-06,1m,1759863360,0.0,usd,2025-10-07,1m
2qgURia1oejhtngnt3cpUXyiKyguaTjEKQPQcmd5pump,6.533485632550089e-06,6.533485632550089e-06,6.533485632550089e-06,6.533485632550089e-06,1m,1759863420,0.0,usd,2025-10-07,1m
2qgURia1oejhtngnt3cpUXyiKyguaTjEKQPQcmd5pump,6.533485632550089e-06,6.533485632550089e-06,6.533485632550089e-06,6.533485632550089e-06,1m,1759863480,0.0,usd,2025-10-07,1m
2qgURia1oejhtngnt3cpUXyiKyguaTjEKQPQcmd5pump,6.533485632550089e-06,6.533485632550089e-06,6.533485632550089e-06,6.533485632550089e-06,1m,1759863540,0.0,usd,2025-10-07,1m
2qgURia1oejhtngnt3cpUXyiKyguaTjEKQPQcmd5pump,6.533485632550089e-06,6.533485632550089e-06,6.533485632550089e-06,6.533485632550089e-06,1m,1759863600,0.0,usd,2025-10-07,1m
2qgURia1oejhtngnt3cpUXyiKyguaTjEKQPQcmd5pump,6.533485632550089e-06,6.533485632550089e-06,6.533485632550089e-06,6.533485632550089e-06,1m,1759863660,0.0,usd,2025-10-07,1m
2qgURia1oejhtngnt3cpUXyiKyguaTjEKQPQcmd5pump,6.533485632550089e-06,6.533485632550089e-06,6.533485632550089e-06,6.533485632550089e-06,1m,1759863720,0.0,usd,2025-10-07,1m
2qgURia1oejhtngnt3cpUXyiKyguaTjEKQPQcmd5pump,6.533485632550089e-06,6.533485632550089e-06,6.533485632550089e-06,6.533485632550089e-06,1m,1759863780,0.0,usd,2025-10-07,1m
2qgURia1oejhtngnt3cpUXyiKyguaTjEKQPQcmd5pump,6.533485632550089e-06,6.533485632550089e-06,6.533485632550089e-06,6.533485632550089e-06,1m,1759863840,0.0,usd,2025-10-07,1m
2qgURia1oejhtngnt3cpUXyiKyguaTjEKQPQcmd5pump,6.533485632550089e-06,6.533485632550089e-06,6.533485632550089e-06,6.533485632550089e-06,1m,1759863900,0.0,usd,2025-10-07,1m
2qgURia1oejhtngnt3cpUXyiKyguaTjEKQPQcmd5pump,6.533485632550089e-06,6.533485632550089e-06,6.533485632550089e-06,6.533485632550089e-06,1m,1759863960,0.0,usd,2025-10-07,1m
2qgURia1oejhtngnt3cpUXyiKyguaTjEKQPQcmd5pump,6.533485632550089e-06,6.533485632550089e-06,6.533485632550089e-06,6.533485632550089e-06,1m,1759864020,0.0,usd,2025-10-07,1m
2qgURia1oejhtngnt3cpUXyiKyguaTjEKQPQcmd5pump,6.533485632550089e-06,6.533485632550089e-06,6.533485632550089e-06,6.533485632550089e-06,1m,1759864080,0.0,usd,2025-10-07,1m
2qgURia1oejhtngnt3cpUXyiKyguaTjEKQPQcmd5pump,6.533485632550089e-06,6.533485632550089e-06,6.533485632550089e-06,6.533485632550089e-06,1m,1759864140,0.0,usd,2025-10-07,1m
2qgURia1oejhtngnt3cpUXyiKyguaTjEKQPQcmd5pump,6.533485632550089e-06,6.533485632550089e-06,6.533485632550089e-06,6.533485632550089e-06,1m,1759864200,0.0,usd,2025-10-07,1m
2qgURia1oejhtngnt3cpUXyiKyguaTjEKQPQcmd5pump,6.533485632550089e-06,6.533485632550089e-06,6.533485632550089e-06,6.533485632550089e-06,1m,1759864260,0.0,usd,2025-10-07,1m
2qgURia1oejhtngnt3cpUXyiKyguaTjEKQPQcmd5pump,6.533485632550089e-06,6.533485632550089e-06,6.533485632550089e-06,6.533485632550089e-06,1m,1759864320,0.0,usd,2025-10-07,1m
2qgURia1oejhtngnt3cpUXyiKyguaTjEKQPQcmd5pump,6.533485632550089e-06,6.533485632550089e-06,6.533485632550089e-06,6.533485632550089e-06,1m,1759864380,0.0,usd,2025-10-07,1m
2qgURia1oejhtngnt3cpUXyiKyguaTjEKQPQcmd5pump,6.533485632550089e-06,6.533485632550089e-06,6.533485632550089e-06,6.533485632550089e-06,1m,1759864440,0.0,usd,2025-10-07,1m
2qgURia1oejhtngnt3cpUXyiKyguaTjEKQPQcmd5pump,6.533485632550089e-06,6.533485632550089e-06,6.533485632550089e-06,6.533485632550089e-06,1m,1759864500,0.0,usd,2025-10-07,1m
2qgURia1oejhtngnt3cpUXyiKyguaTjEKQPQcmd5pump,6.533485632550089e-06,6.533485632550089e-06,6.533485632550089e-06,6.533485632550089e-06,1m,1759864560,0.0,usd,2025-10-07,1m
2qgURia1oejhtngnt3cpUXyiKyguaTjEKQPQcmd5pump,6.533485632550089e-06,6.533485632550089e-06,6.533485632550089e-06,6.533485632550089e-06,1m,1759864620,0.0,usd,2025-10-07,1m
2qgURia1oejhtngnt3cpUXyiKyguaTjEKQPQcmd5pump,6.533485632550089e-06,6.533485632550089e-06,6.533485632550089e-06,6.533485632550089e-06,1m,1759864680,0.0,usd,2025-10-07,1m
2qgURia1oejhtngnt3cpUXyiKyguaTjEKQPQcmd5pump,6.533485632550089e-06,6.533485632550089e-06,6.533485632550089e-06,6.533485632550089e-06,1m,1759864740,0.0,usd,2025-10-07,1m
2qgURia1oejhtngnt3cpUXyiKyguaTjEKQPQcmd5pump,6.533485632550089e-06,6.533485632550089e-06,6.533485632550089e-06,6.533485632550089e-06,1m,1759864800,0.0,usd,2025-10-07,1m
2qgURia1oejhtngnt3cpUXyiKyguaTjEKQPQcmd5pump,6.533485632550089e-06,6.533485632550089e-06,6.533485632550089e-06,6.533485632550089e-06,1m,1759864860,0.0,usd,2025-10-07,1m
2qgURia1oejhtngnt3cpUXyiKyguaTjEKQPQcmd5pump,6.533485632550089e-06,6.533485632550089e-06,6.533485632550089e-06,6.533485632550089e-06,1m,1759864920,0.0,usd,2025-10-07,1m
2qgURia1oejhtngnt3cpUXyiKyguaTjEKQPQcmd5pump,6.533485632550089e-06,6.533485632550089e-06,6.533485632550089e-06,6.533485632550089e-06,1m,1759864980,0.0,usd,2025-10-07,1m
2qgURia1oejhtngnt3cpUXyiKyguaTjEKQPQcmd5pump,6.533485632550089e-06,6.533485632550089e-06,6.533485632550089e-06,6.533485632550089e-06,1m,1759865040,0.0,usd,2025-10-07,1m
2qgURia1oejhtngnt3cpUXyiKyguaTjEKQPQcmd5pump,6.533485632550089e-06,6.533485632550089e-06,6.533485632550089e-06,6.533485632550089e-06,1m,1759865100,0.0,usd,2025-10-07,1m
2qgURia1oejhtngnt3cpUXyiKyguaTjEKQPQcmd5pump,6.533485632550089e-06,6.533485632550089e-06,6.533485632550089e-06,6.533485632550089e-06,1m,1759865160,0.0,usd,2025-10-07,1m
2qgURia1oejhtngnt3cpUXyiKyguaTjEKQPQcmd5pump,6.533485632550089e-06,6.533485632550089e-06,6.533485632550089e-06,6.533485632550089e-06,1m,1759865220,0.0,usd,2025-10-07,1m
2qgURia1oejhtngnt3cpUXyiKyguaTjEKQPQcmd5pump,6.533485632550089e-06,6.533485632550089e-06,6.533485632550089e-06,6.533485632550089e-06,1m,1759865280,0.0,usd,2025-10-07,1m
2qgURia1oejhtngnt3cpUXyiKyguaTjEKQPQcmd5pump,6.533485632550089e-06,6.533485632550089e-06,6.533485632550089e-06,6.533485632550089e-06,1m,1759865340,0.0,usd,2025-10-07,1m
2qgURia1oejhtngnt3cpUXyiKyguaTjEKQPQcmd5pump,6.533485632550089e-06,6.533485632550089e-06,6.533485632550089e-06,6.533485632550089e-06,1m,1759865400,0.0,usd,2025-10-07,1m
2qgURia1oejhtngnt3cpUXyiKyguaTjEKQPQcmd5pump,6.533485632550089e-06,6.533485632550089e-06,6.533485632550089e-06,6.533485632550089e-06,1m,1759865460,0.0,usd,2025-10-07,1m
2qgURia1oejhtngnt3cpUXyiKyguaTjEKQPQcmd5pump,6.533485632550089e-06,6.533485632550089e-06,6.533485632550089e-06,6.533485632550089e-06,1m,1759865520,0.0,usd,2025-10-07,1m
2qgURia1oejhtngnt3cpUXyiKyguaTjEKQPQcmd5pump,6.533485632550089e-06,6.533485632550089e-06,6.533485632550089e-06,6.533485632550089e-06,1m,1759865580,0.0,usd,2025-10-07,1m
2qgURia1oejhtngnt3cpUXyiKyguaTjEKQPQcmd5pump,6.533485632550089e-06,6.533485632550089e-06,6.533485632550089e-06,6.533485632550089e-06,1m,1759865640,0.0,usd,2025-10-07,1m
2qgURia1oejhtngnt3cpUXyiKyguaTjEKQPQcmd5pump,6.533485632550089e-06,6.533485632550089e-06,6.533485632550089e-06,6.533485632550089e-06,1m,1759865700,0.0,usd,2025-10-07,1m
2qgURia1oejhtngnt3cpUXyiKyguaTjEKQPQcmd5pump,6.533485632550089e-06,6.533485632550089e-06,6.533485632550089e-06,6.533485632550089e-06,1m,1759865760,0.0,usd,2025-10-07,1m
2qgURia1oejhtngnt3cpUXyiKyguaTjEKQPQcmd5pump,6.533485632550089e-06,6.533485632550089e-06,6.533485632550089e-06,6.533485632550089e-06,1m,1759865820,0.0,usd,2025-10-07,1m
2qgURia1oejhtngnt3cpUXyiKyguaTjEKQPQcmd5pump,6.533485632550089e-06,6.533485632550089e-06,6.533485632550089e-06,6.533485632550089e-06,1m,1759865880,0.0,usd,2025-10-07,1m
2qgURia1oejhtngnt3cpUXyiKyguaTjEKQPQcmd5pump,6.533485632550089e-06,6.533485632550089e-06,6.533485632550089e-06,6.533485632550089e-06,1m,1759865940,0.0,usd,2025-10-07,1m
2qgURia1oejhtngnt3cpUXyiKyguaTjEKQPQcmd5pump,6.533485632550089e-06,6.533485632550089e-06,6.533485632550089e-06,6.533485632550089e-06,1m,1759866000,0.0,usd,2025-10-07,1m
2qgURia1oejhtngnt3cpUXyiKyguaTjEKQPQcmd5pump,6.533485632550089e-06,6.533485632550089e-06,6.533485632550089e-06,6.533485632550089e-06,1m,1759866060,0.0,usd,2025-10-07,1m
2qgURia1oejhtngnt3cpUXyiKyguaTjEKQPQcmd5pump,6.533485632550089e-06,6.533485632550089e-06,6.533485632550089e-06,6.533485632550089e-06,1m,1759866120,0.0,usd,2025-10-07,1m
2qgURia1oejhtngnt3cpUXyiKyguaTjEKQPQcmd5pump,6.533485632550089e-06,6.533485632550089e-06,6.533485632550089e-06,6.533485632550089e-06,1m,1759866180,0.0,usd,2025-10-07,1m
2qgURia1oejhtngnt3cpUXyiKyguaTjEKQPQcmd5pump,6.533485632550089e-06,6.533485632550089e-06,6.533485632550089e-06,6.533485632550089e-06,1m,1759866240,0.0,usd,2025-10-07,1m
2qgURia1oejhtngnt3cpUXyiKyguaTjEKQPQcmd5pump,6.533485632550089e-06,6.533485632550089e-06,6.533485632550089e-06,6.533485632550089e-06,1m,1759866300,0.0,usd,2025-10-07,1m
2qgURia1oejhtngnt3cpUXyiKyguaTjEKQPQcmd5pump,6.533485632550089e-06,6.533485632550089e-06,6.533485632550089e-06,6.533485632550089e-06,1m,1759866360,0.0,usd,2025-10-07,1m
2qgURia1oejhtngnt3cpUXyiKyguaTjEKQPQcmd5pump,6.533485632550089e-06,6.533485632550089e-06,6.533485632550089e-06,6.533485632550089e-06,1m,1759866420,0.0,usd,2025-10-07,1m
2qgURia1oejhtngnt3cpUXyiKyguaTjEKQPQcmd5pump,6.533485632550089e-06,6.533485632550089e-06,6.533485632550089e-06,6.533485632550089e-06,1m,1759866480,0.0,usd,2025-10-07,1m
2qgURia1oejhtngnt3cpUXyiKyguaTjEKQPQcmd5pump,6.533485632550089e-06,6.533485632550089e-06,6.533485632550089e-06,6.533485632550089e-06,1m,1759866540,0.0,usd,2025-10-07,1m
2qgURia1oejhtngnt3cpUXyiKyguaTjEKQPQcmd5pump,6.533485632550089e-06,6.533485632550089e-06,6.533485632550089e-06,6.533485632550089e-06,1m,1759866600,0.0,usd,2025-10-07,1m
2qgURia1oejhtngnt3cpUXyiKyguaTjEKQPQcmd5pump,6.533485632550089e-06,6.533485632550089e-06,6.533485632550089e-06,6.533485632550089e-06,1m,1759866660,0.0,usd,2025-10-07,1m
2qgURia1oejhtngnt3cpUXyiKyguaTjEKQPQcmd5pump,6.533485632550089e-06,6.533485632550089e-06,6.533485632550089e-06,6.533485632550089e-06,1m,1759866720,0.0,usd,2025-10-07,1m
2qgURia1oejhtngnt3cpUXyiKyguaTjEKQPQcmd5pump,6.533485632550089e-06,6.533485632550089e-06,6.533485632550089e-06,6.533485632550089e-06,1m,1759866780,0.0,usd,2025-10-07,1m
2qgURia1oejhtngnt3cpUXyiKyguaTjEKQPQcmd5pump,6.533485632550089e-06,6.533485632550089e-06,6.533485632550089e-06,6.533485632550089e-06,1m,1759866840,0.0,usd,2025-10-07,1m
2qgURia1oejhtngnt3cpUXyiKyguaTjEKQPQcmd5pump,6.533485632550089e-06,6.533485632550089e-06,6.533485632550089e-06,6.533485632550089e-06,1m,1759866900,0.0,usd,2025-10-07,1m
2qgURia1oejhtngnt3cpUXyiKyguaTjEKQPQcmd5pump,6.533485632550089e-06,6.533485632550089e-06,6.533485632550089e-06,6.533485632550089e-06,1m,1759866960,0.0,usd,2025-10-07,1m
2qgURia1oejhtngnt3cpUXyiKyguaTjEKQPQcmd5pump,6.533485632550089e-06,6.533485632550089e-06,6.533485632550089e-06,6.533485632550089e-06,1m,1759867020,0.0,usd,2025-10-07,1m
2qgURia1oejhtngnt3cpUXyiKyguaTjEKQPQcmd5pump,6.533485632550089e-06,6.533485632550089e-06,6.533485632550089e-06,6.533485632550089e-06,1m,1759867080,0.0,usd,2025-10-07,1m
2qgURia1oejhtngnt3cpUXyiKyguaTjEKQPQcmd5pump,6.533485632550089e-06,6.533485632550089e-06,6.533485632550089e-06,6.533485632550089e-06,1m,1759867140,0.0,usd,2025-10-07,1m
2qgURia1oejhtngnt3cpUXyiKyguaTjEKQPQcmd5pump,6.533485632550089e-06,6.533485632550089e-06,6.533485632550089e-06,6.533485632550089e-06,1m,1759867200,0.0,usd,2025-10-07,1m
2qgURia1oejhtngnt3cpUXyiKyguaTjEKQPQcmd5pump,6.533485632550089e-06,6.533485632550089e-06,6.533485632550089e-06,6.533485632550089e-06,1m,1759867260,0.0,usd,2025-10-07,1m
2qgURia1oejhtngnt3cpUXyiKyguaTjEKQPQcmd5pump,6.533485632550089e-06,6.533485632550089e-06,6.533485632550089e-06,6.533485632550089e-06,1m,1759867320,0.0,usd,2025-10-07,1m
2qgURia1oejhtngnt3cpUXyiKyguaTjEKQPQcmd5pump,6.533485632550089e-06,6.533485632550089e-06,6.533485632550089e-06,6.533485632550089e-06,1m,1759867380,0.0,usd,2025-10-07,1m
2qgURia1oejhtngnt3cpUXyiKyguaTjEKQPQcmd5pump,6.533485632550089e-06,6.533485632550089e-06,6.533485632550089e-06,6.533485632550089e-06,1m,1759867440,0.0,usd,2025-10-07,1m
2qgURia1oejhtngnt3cpUXyiKyguaTjEKQPQcmd5pump,6.533485632550089e-06,6.533485632550089e-06,6.533485632550089e-06,6.533485632550089e-06,1m,1759867500,0.0,usd,2025-10-07,1m
2qgURia1oejhtngnt3cpUXyiKyguaTjEKQPQcmd5pump,6.533485632550089e-06,6.533485632550089e-06,6.533485632550089e-06,6.533485632550089e-06,1m,1759867560,0.0,usd,2025-10-07,1m
2qgURia1oejhtngnt3cpUXyiKyguaTjEKQPQcmd5pump,6.533485632550089e-06,6.533485632550089e-06,6.533485632550089e-06,6.533485632550089e-06,1m,1759867620,0.0,usd,2025-10-07,1m
2qgURia1oejhtngnt3cpUXyiKyguaTjEKQPQcmd5pump,6.533485632550089e-06,6.533485632550089e-06,6.533485632550089e-06,6.533485632550089e-06,1m,1759867680,0.0,usd,2025-10-07,1m
2qgURia1oejhtngnt3cpUXyiKyguaTjEKQPQcmd5pump,6.533485632550089e-06,6.533485632550089e-06,6.533485632550089e-06,6.533485632550089e-06,1m,1759867740,0.0,usd,2025-10-07,1m
2qgURia1oejhtngnt3cpUXyiKyguaTjEKQPQcmd5pump,6.533485632550089e-06,6.533485632550089e-06,6.533485632550089e-06,6.533485632550089e-06,1m,1759867800,0.0,usd,2025-10-07,1m
2qgURia1oejhtngnt3cpUXyiKyguaTjEKQPQcmd5pump,6.533485632550089e-06,6.533485632550089e-06,6.533485632550089e-06,6.533485632550089e-06,1m,1759867860,0.0,usd,2025-10-07,1m
2qgURia1oejhtngnt3cpUXyiKyguaTjEKQPQcmd5pump,6.533485632550089e-06,6.533485632550089e-06,6.533485632550089e-06,6.533485632550089e-06,1m,1759867920,0.0,usd,2025-10-07,1m
2qgURia1oejhtngnt3cpUXyiKyguaTjEKQPQcmd5pump,6.533485632550089e-06,6.533485632550089e-06,6.533485632550089e-06,6.533485632550089e-06,1m,1759867980,0.0,usd,2025-10-07,1m
2qgURia1oejhtngnt3cpUXyiKyguaTjEKQPQcmd5pump,6.533485632550089e-06,6.533485632550089e-06,6.533485632550089e-06,6.533485632550089e-06,1m,1759868040,0.0,usd,2025-10-07,1m
2qgURia1oejhtngnt3cpUXyiKyguaTjEKQPQcmd5pump,6.533485632550089e-06,6.533485632550089e-06,6.533485632550089e-06,6.533485632550089e-06,1m,1759868100,0.0,usd,2025-10-07,1m
2qgURia1oejhtngnt3cpUXyiKyguaTjEKQPQcmd5pump,6.533485632550089e-06,6.533485632550089e-06,6.533485632550089e-06,6.533485632550089e-06,1m,1759868160,0.0,usd,2025-10-07,1m
2qgURia1oejhtngnt3cpUXyiKyguaTjEKQPQcmd5pump,6.533485632550089e-06,6.533485632550089e-06,6.533485632550089e-06,6.533485632550089e-06,1m,1759868220,0.0,usd,2025-10-07,1m
2qgURia1oejhtngnt3cpUXyiKyguaTjEKQPQcmd5pump,6.533485632550089e-06,6.533485632550089e-06,6.533485632550089e-06,6.533485632550089e-06,1m,1759868280,0.0,usd,2025-10-07,1m
2qgURia1oejhtngnt3cpUXyiKyguaTjEKQPQcmd5pump,6.533485632550089e-06,6.533485632550089e-06,6.533485632550089e-06,6.533485632550089e-06,1m,1759868340,0.0,usd,2025-10-07,1m
2qgURia1oejhtngnt3cpUXyiKyguaTjEKQPQcmd5pump,6.533485632550089e-06,6.533485632550089e-06,6.533485632550089e-06,6.533485632550089e-06,1m,1759868400,0.0,usd,2025-10-07,1m
2qgURia1oejhtngnt3cpUXyiKyguaTjEKQPQcmd5pump,6.533485632550089e-06,6.533485632550089e-06,6.533485632550089e-06,6.533485632550089e-06,1m,1759868460,0.0,usd,2025-10-07,1m
2qgURia1oejhtngnt3cpUXyiKyguaTjEKQPQcmd5pump,6.533485632550089e-06,6.533485632550089e-06,6.533485632550089e-06,6.533485632550089e-06,1m,1759868520,0.0,usd,2025-10-07,1m
2qgURia1oejhtngnt3cpUXyiKyguaTjEKQPQcmd5pump,6.533485632550089e-06,6.533485632550089e-06,6.533485632550089e-06,6.533485632550089e-06,1m,1759868580,0.0,usd,2025-10-07,1m
2qgURia1oejhtngnt3cpUXyiKyguaTjEKQPQcmd5pump,6.533485632550089e-06,6.533485632550089e-06,6.533485632550089e-06,6.533485632550089e-06,1m,1759868640,0.0,usd,2025-10-07,1m
2qgURia1oejhtngnt3cpUXyiKyguaTjEKQPQcmd5pump,6.533485632550089e-06,6.533485632550089e-06,6.533485632550089e-06,6.533485632550089e-06,1m,1759868700,0.0,usd,2025-10-07,1m
2qgURia1oejhtngnt3cpUXyiKyguaTjEKQPQcmd5pump,6.533485632550089e-06,6.533485632550089e-06,6.533485632550089e-06,6.533485632550089e-06,1m,1759868760,0.0,usd,2025-10-07,1m
2qgURia1oejhtngnt3cpUXyiKyguaTjEKQPQcmd5pump,6.533485632550089e-06,6.533485632550089e-06,6.533485632550089e-06,6.533485632550089e-06,1m,1759868820,0.0,usd,2025-10-07,1m
2qgURia1oejhtngnt3cpUXyiKyguaTjEKQPQcmd5pump,6.533485632550089e-06,6.533485632550089e-06,6.533485632550089e-06,6.533485632550089e-06,1m,1759868880,0.0,usd,2025-10-07,1m
2qgURia1oejhtngnt3cpUXyiKyguaTjEKQPQcmd5pump,6.533485632550089e-06,6.533485632550089e-06,6.533485632550089e-06,6.533485632550089e-06,1m,1759868940,0.0,usd,2025-10-07,1m
2qgURia1oejhtngnt3cpUXyiKyguaTjEKQPQcmd5pump,6.533485632550089e-06,6.533485632550089e-06,6.533485632550089e-06,6.533485632550089e-06,1m,1759869000,0.0,usd,2025-10-07,1m
2qgURia1oejhtngnt3cpUXyiKyguaTjEKQPQcmd5pump,6.533485632550089e-06,6.533485632550089e-06,6.533485632550089e-06,6.533485632550089e-06,1m,1759869060,0.0,usd,2025-10-07,1m
2qgURia1oejhtngnt3cpUXyiKyguaTjEKQPQcmd5pump,6.533485632550089e-06,6.533485632550089e-06,6.533485632550089e-06,6.533485632550089e-06,1m,1759869120,0.0,usd,2025-10-07,1m
2qgURia1oejhtngnt3cpUXyiKyguaTjEKQPQcmd5pump,6.533485632550089e-06,6.533485632550089e-06,6.533485632550089e-06,6.533485632550089e-06,1m,1759869180,0.0,usd,2025-10-07,1m
2qgURia1oejhtngnt3cpUXyiKyguaTjEKQPQcmd5pump,6.533485632550089e-06,6.533485632550089e-06,6.533485632550089e-06,6.533485632550089e-06,1m,1759869240,0.0,usd,2025-10-07,1m
2qgURia1oejhtngnt3cpUXyiKyguaTjEKQPQcmd5pump,6.533485632550089e-06,6.533485632550089e-06,6.533485632550089e-06,6.533485632550089e-06,1m,1759869300,0.0,usd,2025-10-07,1m
2qgURia1oejhtngnt3cpUXyiKyguaTjEKQPQcmd5pump,6.533485632550089e-06,6.533485632550089e-06,6.533485632550089e-06,6.533485632550089e-06,1m,1759869360,0.0,usd,2025-10-07,1m
2qgURia1oejhtngnt3cpUXyiKyguaTjEKQPQcmd5pump,6.533485632550089e-06,6.533485632550089e-06,6.533485632550089e-06,6.533485632550089e-06,1m,1759869420,0.0,usd,2025-10-07,1m
2qgURia1oejhtngnt3cpUXyiKyguaTjEKQPQcmd5pump,6.533485632550089e-06,6.533485632550089e-06,6.533485632550089e-06,6.533485632550089e-06,1m,1759869480,0.0,usd,2025-10-07,1m
2qgURia1oejhtngnt3cpUXyiKyguaTjEKQPQcmd5pump,6.533485632550089e-06,6.533485632550089e-06,6.533485632550089e-06,6.533485632550089e-06,1m,1759869540,0.0,usd,2025-10-07,1m
2qgURia1oejhtngnt3cpUXyiKyguaTjEKQPQcmd5pump,6.533485632550089e-06,6.533485632550089e-06,6.533485632550089e-06,6.533485632550089e-06,1m,1759869600,0.0,usd,2025-10-07,1m
2qgURia1oejhtngnt3cpUXyiKyguaTjEKQPQcmd5pump,6.533485632550089e-06,6.533485632550089e-06,6.533485632550089e-06,6.533485632550089e-06,1m,1759869660,0.0,usd,2025-10-07,1m
2qgURia1oejhtngnt3cpUXyiKyguaTjEKQPQcmd5pump,6.533485632550089e-06,6.533485632550089e-06,6.533485632550089e-06,6.533485632550089e-06,1m,1759869720,0.0,usd,2025-10-07,1m
2qgURia1oejhtngnt3cpUXyiKyguaTjEKQPQcmd5pump,6.533485632550089e-06,6.533485632550089e-06,6.533485632550089e-06,6.533485632550089e-06,1m,1759869780,0.0,usd,2025-10-07,1m
2qgURia1oejhtngnt3cpUXyiKyguaTjEKQPQcmd5pump,6.533485632550089e-06,6.533485632550089e-06,6.533485632550089e-06,6.533485632550089e-06,1m,1759869840,0.0,usd,2025-10-07,1m
2qgURia1oejhtngnt3cpUXyiKyguaTjEKQPQcmd5pump,6.533485632550089e-06,6.533485632550089e-06,6.533485632550089e-06,6.533485632550089e-06,1m,1759869900,0.0,usd,2025-10-07,1m
2qgURia1oejhtngnt3cpUXyiKyguaTjEKQPQcmd5pump,6.533485632550089e-06,6.533485632550089e-06,6.533485632550089e-06,6.533485632550089e-06,1m,1759869960,0.0,usd,2025-10-07,1m
2qgURia1oejhtngnt3cpUXyiKyguaTjEKQPQcmd5pump,6.533485632550089e-06,6.533485632550089e-06,6.533485632550089e-06,6.533485632550089e-06,1m,1759870020,0.0,usd,2025-10-07,1m
2qgURia1oejhtngnt3cpUXyiKyguaTjEKQPQcmd5pump,6.533485632550089e-06,6.533485632550089e-06,6.533485632550089e-06,6.533485632550089e-06,1m,1759870080,0.0,usd,2025-10-07,1m
2qgURia1oejhtngnt3cpUXyiKyguaTjEKQPQcmd5pump,6.533485632550089e-06,6.533485632550089e-06,6.533485632550089e-06,6.533485632550089e-06,1m,1759870140,0.0,usd,2025-10-07,1m
2qgURia1oejhtngnt3cpUXyiKyguaTjEKQPQcmd5pump,6.533485632550089e-06,6.533485632550089e-06,6.533485632550089e-06,6.533485632550089e-06,1m,1759870200,0.0,usd,2025-10-07,1m
2qgURia1oejhtngnt3cpUXyiKyguaTjEKQPQcmd5pump,6.533485632550089e-06,6.533485632550089e-06,6.533485632550089e-06,6.533485632550089e-06,1m,1759870260,0.0,usd,2025-10-07,1m
2qgURia1oejhtngnt3cpUXyiKyguaTjEKQPQcmd5pump,6.533485632550089e-06,6.533485632550089e-06,6.533485632550089e-06,6.533485632550089e-06,1m,1759870320,0.0,usd,2025-10-07,1m
2qgURia1oejhtngnt3cpUXyiKyguaTjEKQPQcmd5pump,6.533485632550089e-06,6.533485632550089e-06,6.533485632550089e-06,6.533485632550089e-06,1m,1759870380,0.0,usd,2025-10-07,1m
2qgURia1oejhtngnt3cpUXyiKyguaTjEKQPQcmd5pump,6.533485632550089e-06,6.533485632550089e-06,6.533485632550089e-06,6.533485632550089e-06,1m,1759870440,0.0,usd,2025-10-07,1m
2qgURia1oejhtngnt3cpUXyiKyguaTjEKQPQcmd5pump,6.533485632550089e-06,6.533485632550089e-06,6.533485632550089e-06,6.533485632550089e-06,1m,1759870500,0.0,usd,2025-10-07,1m
2qgURia1oejhtngnt3cpUXyiKyguaTjEKQPQcmd5pump,6.533485632550089e-06,6.533485632550089e-06,6.533485632550089e-06,6.533485632550089e-06,1m,1759870560,0.0,usd,2025-10-07,1m
2qgURia1oejhtngnt3cpUXyiKyguaTjEKQPQcmd5pump,6.533485632550089e-06,6.533485632550089e-06,6.533485632550089e-06,6.533485632550089e-06,1m,1759870620,0.0,usd,2025-10-07,1m
2qgURia1oejhtngnt3cpUXyiKyguaTjEKQPQcmd5pump,6.533485632550089e-06,6.533485632550089e-06,6.533485632550089e-06,6.533485632550089e-06,1m,1759870680,0.0,usd,2025-10-07,1m
2qgURia1oejhtngnt3cpUXyiKyguaTjEKQPQcmd5pump,6.533485632550089e-06,6.533485632550089e-06,6.533485632550089e-06,6.533485632550089e-06,1m,1759870740,0.0,usd,2025-10-07,1m
2qgURia1oejhtngnt3cpUXyiKyguaTjEKQPQcmd5pump,6.533485632550089e-06,6.533485632550089e-06,6.533485632550089e-06,6.533485632550089e-06,1m,1759870800,0.0,usd,2025-10-07,1m
2qgURia1oejhtngnt3cpUXyiKyguaTjEKQPQcmd5pump,6.533485632550089e-06,6.533485632550089e-06,6.533485632550089e-06,6.533485632550089e-06,1m,1759870860,0.0,usd,2025-10-07,1m
2qgURia1oejhtngnt3cpUXyiKyguaTjEKQPQcmd5pump,6.533485632550089e-06,6.533485632550089e-06,6.533485632550089e-06,6.533485632550089e-06,1m,1759870920,0.0,usd,2025-10-07,1m
2qgURia1oejhtngnt3cpUXyiKyguaTjEKQPQcmd5pump,6.533485632550089e-06,6.533485632550089e-06,6.533485632550089e-06,6.533485632550089e-06,1m,1759870980,0.0,usd,2025-10-07,1m
2qgURia1oejhtngnt3cpUXyiKyguaTjEKQPQcmd5pump,6.533485632550089e-06,6.533485632550089e-06,6.533485632550089e-06,6.533485632550089e-06,1m,1759871040,0.0,usd,2025-10-07,1m
2qgURia1oejhtngnt3cpUXyiKyguaTjEKQPQcmd5pump,6.533485632550089e-06,6.533485632550089e-06,6.533485632550089e-06,6.533485632550089e-06,1m,1759871100,0.0,usd,2025-10-07,1m
2qgURia1oejhtngnt3cpUXyiKyguaTjEKQPQcmd5pump,6.533485632550089e-06,6.533485632550089e-06,6.533485632550089e-06,6.533485632550089e-06,1m,1759871160,0.0,usd,2025-10-07,1m
2qgURia1oejhtngnt3cpUXyiKyguaTjEKQPQcmd5pump,6.533485632550089e-06,6.533485632550089e-06,6.533485632550089e-06,6.533485632550089e-06,1m,1759871220,0.0,usd,2025-10-07,1m
2qgURia1oejhtngnt3cpUXyiKyguaTjEKQPQcmd5pump,6.533485632550089e-06,6.533485632550089e-06,6.533485632550089e-06,6.533485632550089e-06,1m,1759871280,0.0,usd,2025-10-07,1m
2qgURia1oejhtngnt3cpUXyiKyguaTjEKQPQcmd5pump,6.533485632550089e-06,6.533485632550089e-06,6.533485632550089e-06,6.533485632550089e-06,1m,1759871340,0.0,usd,2025-10-07,1m
2qgURia1oejhtngnt3cpUXyiKyguaTjEKQPQcmd5pump,6.533485632550089e-06,6.533485632550089e-06,6.533485632550089e-06,6.533485632550089e-06,1m,1759871400,0.0,usd,2025-10-07,1m
2qgURia1oejhtngnt3cpUXyiKyguaTjEKQPQcmd5pump,6.533485632550089e-06,6.533485632550089e-06,6.533485632550089e-06,6.533485632550089e-06,1m,1759871460,0.0,usd,2025-10-07,1m
2qgURia1oejhtngnt3cpUXyiKyguaTjEKQPQcmd5pump,6.533485632550089e-06,6.533485632550089e-06,6.533485632550089e-06,6.533485632550089e-06,1m,1759871520,0.0,usd,2025-10-07,1m
2qgURia1oejhtngnt3cpUXyiKyguaTjEKQPQcmd5pump,6.533485632550089e-06,6.533485632550089e-06,6.533485632550089e-06,6.533485632550089e-06,1m,1759871580,0.0,usd,2025-10-07,1m
2qgURia1oejhtngnt3cpUXyiKyguaTjEKQPQcmd5pump,6.533485632550089e-06,6.533485632550089e-06,6.533485632550089e-06,6.533485632550089e-06,1m,1759871640,0.0,usd,2025-10-07,1m
2qgURia1oejhtngnt3cpUXyiKyguaTjEKQPQcmd5pump,6.533485632550089e-06,6.533485632550089e-06,6.533485632550089e-06,6.533485632550089e-06,1m,1759871700,0.0,usd,2025-10-07,1m
2qgURia1oejhtngnt3cpUXyiKyguaTjEKQPQcmd5pump,6.533485632550089e-06,6.533485632550089e-06,6.533485632550089e-06,6.533485632550089e-06,1m,1759871760,0.0,usd,2025-10-07,1m
2qgURia1oejhtngnt3cpUXyiKyguaTjEKQPQcmd5pump,6.533485632550089e-06,6.533485632550089e-06,6.533485632550089e-06,6.533485632550089e-06,1m,1759871820,0.0,usd,2025-10-07,1m
2qgURia1oejhtngnt3cpUXyiKyguaTjEKQPQcmd5pump,6.533485632550089e-06,6.533485632550089e-06,6.533485632550089e-06,6.533485632550089e-06,1m,1759871880,0.0,usd,2025-10-07,1m
2qgURia1oejhtngnt3cpUXyiKyguaTjEKQPQcmd5pump,6.533485632550089e-06,6.533485632550089e-06,6.533485632550089e-06,6.533485632550089e-06,1m,1759871940,0.0,usd,2025-10-07,1m
2qgURia1oejhtngnt3cpUXyiKyguaTjEKQPQcmd5pump,6.533485632550089e-06,6.533485632550089e-06,6.533485632550089e-06,6.533485632550089e-06,1m,1759872000,0.0,usd,2025-10-07,1m
2qgURia1oejhtngnt3cpUXyiKyguaTjEKQPQcmd5pump,6.533485632550089e-06,6.533485632550089e-06,6.533485632550089e-06,6.533485632550089e-06,1m,1759872060,0.0,usd,2025-10-07,1m
2qgURia1oejhtngnt3cpUXyiKyguaTjEKQPQcmd5pump,6.533485632550089e-06,6.533485632550089e-06,6.533485632550089e-06,6.533485632550089e-06,1m,1759872120,0.0,usd,2025-10-07,1m
2qgURia1oejhtngnt3cpUXyiKyguaTjEKQPQcmd5pump,6.533485632550089e-06,6.533485632550089e-06,6.533485632550089e-06,6.533485632550089e-06,1m,1759872180,0.0,usd,2025-10-07,1m
2qgURia1oejhtngnt3cpUXyiKyguaTjEKQPQcmd5pump,6.533485632550089e-06,6.533485632550089e-06,6.533485632550089e-06,6.533485632550089e-06,1m,1759872240,0.0,usd,2025-10-07,1m
2qgURia1oejhtngnt3cpUXyiKyguaTjEKQPQcmd5pump,6.533485632550089e-06,6.533485632550089e-06,6.533485632550089e-06,6.533485632550089e-06,1m,1759872300,0.0,usd,2025-10-07,1m
2qgURia1oejhtngnt3cpUXyiKyguaTjEKQPQcmd5pump,6.533485632550089e-06,6.533485632550089e-06,6.533485632550089e-06,6.533485632550089e-06,1m,1759872360,0.0,usd,2025-10-07,1m
2qgURia1oejhtngnt3cpUXyiKyguaTjEKQPQcmd5pump,6.533485632550089e-06,6.533485632550089e-06,6.533485632550089e-06,6.533485632550089e-06,1m,1759872420,0.0,usd,2025-10-07,1m
2qgURia1oejhtngnt3cpUXyiKyguaTjEKQPQcmd5pump,6.533485632550089e-06,6.533485632550089e-06,6.533485632550089e-06,6.533485632550089e-06,1m,1759872480,0.0,usd,2025-10-07,1m
2qgURia1oejhtngnt3cpUXyiKyguaTjEKQPQcmd5pump,6.533485632550089e-06,6.533485632550089e-06,6.533485632550089e-06,6.533485632550089e-06,1m,1759872540,0.0,usd,2025-10-07,1m
2qgURia1oejhtngnt3cpUXyiKyguaTjEKQPQcmd5pump,6.533485632550089e-06,6.533485632550089e-06,6.533485632550089e-06,6.533485632550089e-06,1m,1759872600,0.0,usd,2025-10-07,1m
2qgURia1oejhtngnt3cpUXyiKyguaTjEKQPQcmd5pump,6.533485632550089e-06,6.533485632550089e-06,6.533485632550089e-06,6.533485632550089e-06,1m,1759872660,0.0,usd,2025-10-07,1m
2qgURia1oejhtngnt3cpUXyiKyguaTjEKQPQcmd5pump,6.533485632550089e-06,6.533485632550089e-06,6.533485632550089e-06,6.533485632550089e-06,1m,1759872720,0.0,usd,2025-10-07,1m
2qgURia1oejhtngnt3cpUXyiKyguaTjEKQPQcmd5pump,6.533485632550089e-06,6.533485632550089e-06,6.533485632550089e-06,6.533485632550089e-06,1m,1759872780,0.0,usd,2025-10-07,1m
2qgURia1oejhtngnt3cpUXyiKyguaTjEKQPQcmd5pump,6.533485632550089e-06,6.533485632550089e-06,6.533485632550089e-06,6.533485632550089e-06,1m,1759872840,0.0,usd,2025-10-07,1m
2qgURia1oejhtngnt3cpUXyiKyguaTjEKQPQcmd5pump,6.533485632550089e-06,6.533485632550089e-06,6.533485632550089e-06,6.533485632550089e-06,1m,1759872900,0.0,usd,2025-10-07,1m
2qgURia1oejhtngnt3cpUXyiKyguaTjEKQPQcmd5pump,6.533485632550089e-06,6.533485632550089e-06,6.533485632550089e-06,6.533485632550089e-06,1m,1759872960,0.0,usd,2025-10-07,1m
2qgURia1oejhtngnt3cpUXyiKyguaTjEKQPQcmd5pump,6.533485632550089e-06,6.533485632550089e-06,6.533485632550089e-06,6.533485632550089e-06,1m,1759873020,0.0,usd,2025-10-07,1m
2qgURia1oejhtngnt3cpUXyiKyguaTjEKQPQcmd5pump,6.533485632550089e-06,6.533485632550089e-06,6.533485632550089e-06,6.533485632550089e-06,1m,1759873080,0.0,usd,2025-10-07,1m
2qgURia1oejhtngnt3cpUXyiKyguaTjEKQPQcmd5pump,6.533485632550089e-06,6.533485632550089e-06,6.533485632550089e-06,6.533485632550089e-06,1m,1759873140,0.0,usd,2025-10-07,1m
2qgURia1oejhtngnt3cpUXyiKyguaTjEKQPQcmd5pump,6.533485632550089e-06,6.533485632550089e-06,6.533485632550089e-06,6.533485632550089e-06,1m,1759873200,0.0,usd,2025-10-07,1m
2qgURia1oejhtngnt3cpUXyiKyguaTjEKQPQcmd5pump,6.533485632550089e-06,6.533485632550089e-06,6.533485632550089e-06,6.533485632550089e-06,1m,1759873260,0.0,usd,2025-10-07,1m
2qgURia1oejhtngnt3cpUXyiKyguaTjEKQPQcmd5pump,6.533485632550089e-06,6.533485632550089e-06,6.533485632550089e-06,6.533485632550089e-06,1m,1759873320,0.0,usd,2025-10-07,1m
2qgURia1oejhtngnt3cpUXyiKyguaTjEKQPQcmd5pump,6.533485632550089e-06,6.533485632550089e-06,6.533485632550089e-06,6.533485632550089e-06,1m,1759873380,0.0,usd,2025-10-07,1m
2qgURia1oejhtngnt3cpUXyiKyguaTjEKQPQcmd5pump,6.533485632550089e-06,6.533485632550089e-06,6.533485632550089e-06,6.533485632550089e-06,1m,1759873440,0.0,usd,2025-10-07,1m
2qgURia1oejhtngnt3cpUXyiKyguaTjEKQPQcmd5pump,6.533485632550089e-06,6.533485632550089e-06,6.533485632550089e-06,6.533485632550089e-06,1m,1759873500,0.0,usd,2025-10-07,1m
2qgURia1oejhtngnt3cpUXyiKyguaTjEKQPQcmd5pump,6.533485632550089e-06,6.533485632550089e-06,6.533485632550089e-06,6.533485632550089e-06,1m,1759873560,0.0,usd,2025-10-07,1m
2qgURia1oejhtngnt3cpUXyiKyguaTjEKQPQcmd5pump,6.533485632550089e-06,6.533485632550089e-06,6.533485632550089e-06,6.533485632550089e-06,1m,1759873620,0.0,usd,2025-10-07,1m
2qgURia1oejhtngnt3cpUXyiKyguaTjEKQPQcmd5pump,6.533485632550089e-06,6.533485632550089e-06,6.533485632550089e-06,6.533485632550089e-06,1m,1759873680,0.0,usd,2025-10-07,1m
2qgURia1oejhtngnt3cpUXyiKyguaTjEKQPQcmd5pump,6.533485632550089e-06,6.533485632550089e-06,6.533485632550089e-06,6.533485632550089e-06,1m,1759873740,0.0,usd,2025-10-07,1m
2qgURia1oejhtngnt3cpUXyiKyguaTjEKQPQcmd5pump,6.533485632550089e-06,6.533485632550089e-06,6.533485632550089e-06,6.533485632550089e-06,1m,1759873800,0.0,usd,2025-10-07,1m
2qgURia1oejhtngnt3cpUXyiKyguaTjEKQPQcmd5pump,6.533485632550089e-06,6.533485632550089e-06,6.533485632550089e-06,6.533485632550089e-06,1m,1759873860,0.0,usd,2025-10-07,1m
2qgURia1oejhtngnt3cpUXyiKyguaTjEKQPQcmd5pump,6.533485632550089e-06,6.533485632550089e-06,6.533485632550089e-06,6.533485632550089e-06,1m,1759873920,0.0,usd,2025-10-07,1m
2qgURia1oejhtngnt3cpUXyiKyguaTjEKQPQcmd5pump,6.533485632550089e-06,6.533485632550089e-06,6.533485632550089e-06,6.533485632550089e-06,1m,1759873980,0.0,usd,2025-10-07,1m
2qgURia1oejhtngnt3cpUXyiKyguaTjEKQPQcmd5pump,6.533485632550089e-06,6.533485632550089e-06,6.533485632550089e-06,6.533485632550089e-06,1m,1759874040,0.0,usd,2025-10-07,1m
2qgURia1oejhtngnt3cpUXyiKyguaTjEKQPQcmd5pump,6.533485632550089e-06,6.533485632550089e-06,6.533485632550089e-06,6.533485632550089e-06,1m,1759874100,0.0,usd,2025-10-07,1m
2qgURia1oejhtngnt3cpUXyiKyguaTjEKQPQcmd5pump,6.533485632550089e-06,6.533485632550089e-06,6.533485632550089e-06,6.533485632550089e-06,1m,1759874160,0.0,usd,2025-10-07,1m
2qgURia1oejhtngnt3cpUXyiKyguaTjEKQPQcmd5pump,6.533485632550089e-06,6.533485632550089e-06,6.533485632550089e-06,6.533485632550089e-06,1m,1759874220,0.0,usd,2025-10-07,1m
2qgURia1oejhtngnt3cpUXyiKyguaTjEKQPQcmd5pump,6.533485632550089e-06,6.533485632550089e-06,6.533485632550089e-06,6.533485632550089e-06,1m,1759874280,0.0,usd,2025-10-07,1m
2qgURia1oejhtngnt3cpUXyiKyguaTjEKQPQcmd5pump,6.533485632550089e-06,6.533485632550089e-06,6.533485632550089e-06,6.533485632550089e-06,1m,1759874340,0.0,usd,2025-10-07,1m
2qgURia1oejhtngnt3cpUXyiKyguaTjEKQPQcmd5pump,6.533485632550089e-06,6.533485632550089e-06,6.533485632550089e-06,6.533485632550089e-06,1m,1759874400,0.0,usd,2025-10-07,1m
2qgURia1oejhtngnt3cpUXyiKyguaTjEKQPQcmd5pump,6.533485632550089e-06,6.533485632550089e-06,6.533485632550089e-06,6.533485632550089e-06,1m,1759874460,0.0,usd,2025-10-07,1m
2qgURia1oejhtngnt3cpUXyiKyguaTjEKQPQcmd5pump,6.533485632550089e-06,6.533485632550089e-06,6.533485632550089e-06,6.533485632550089e-06,1m,1759874520,0.0,usd,2025-10-07,1m
2qgURia1oejhtngnt3cpUXyiKyguaTjEKQPQcmd5pump,6.533485632550089e-06,6.533485632550089e-06,6.533485632550089e-06,6.533485632550089e-06,1m,1759874580,0.0,usd,2025-10-07,1m
2qgURia1oejhtngnt3cpUXyiKyguaTjEKQPQcmd5pump,6.533485632550089e-06,6.533485632550089e-06,6.533485632550089e-06,6.533485632550089e-06,1m,1759874640,0.0,usd,2025-10-07,1m
2qgURia1oejhtngnt3cpUXyiKyguaTjEKQPQcmd5pump,6.533485632550089e-06,6.533485632550089e-06,6.533485632550089e-06,6.533485632550089e-06,1m,1759874700,0.0,usd,2025-10-07,1m
2qgURia1oejhtngnt3cpUXyiKyguaTjEKQPQcmd5pump,6.533485632550089e-06,6.533485632550089e-06,6.533485632550089e-06,6.533485632550089e-06,1m,1759874760,0.0,usd,2025-10-07,1m
2qgURia1oejhtngnt3cpUXyiKyguaTjEKQPQcmd5pump,6.533485632550089e-06,6.533485632550089e-06,6.533485632550089e-06,6.533485632550089e-06,1m,1759874820,0.0,usd,2025-10-07,1m
2qgURia1oejhtngnt3cpUXyiKyguaTjEKQPQcmd5pump,6.533485632550089e-06,6.533485632550089e-06,6.533485632550089e-06,6.533485632550089e-06,1m,1759874880,0.0,usd,2025-10-07,1m
2qgURia1oejhtngnt3cpUXyiKyguaTjEKQPQcmd5pump,6.533485632550089e-06,6.533485632550089e-06,6.533485632550089e-06,6.533485632550089e-06,1m,1759874940,0.0,usd,2025-10-07,1m
2qgURia1oejhtngnt3cpUXyiKyguaTjEKQPQcmd5pump,6.533485632550089e-06,6.533485632550089e-06,6.533485632550089e-06,6.533485632550089e-06,1m,1759875000,0.0,usd,2025-10-07,1m
2qgURia1oejhtngnt3cpUXyiKyguaTjEKQPQcmd5pump,6.533485632550089e-06,6.533485632550089e-06,6.533485632550089e-06,6.533485632550089e-06,1m,1759875060,0.0,usd,2025-10-07,1m
2qgURia1oejhtngnt3cpUXyiKyguaTjEKQPQcmd5pump,6.533485632550089e-06,6.533485632550089e-06,6.533485632550089e-06,6.533485632550089e-06,1m,1759875120,0.0,usd,2025-10-07,1m
2qgURia1oejhtngnt3cpUXyiKyguaTjEKQPQcmd5pump,6.533485632550089e-06,6.533485632550089e-06,6.533485632550089e-06,6.533485632550089e-06,1m,1759875180,0.0,usd,2025-10-07,1m
2qgURia1oejhtngnt3cpUXyiKyguaTjEKQPQcmd5pump,6.533485632550089e-06,6.533485632550089e-06,6.533485632550089e-06,6.533485632550089e-06,1m,1759875240,0.0,usd,2025-10-07,1m
2qgURia1oejhtngnt3cpUXyiKyguaTjEKQPQcmd5pump,6.533485632550089e-06,6.533485632550089e-06,6.533485632550089e-06,6.533485632550089e-06,1m,1759875300,0.0,usd,2025-10-07,1m
2qgURia1oejhtngnt3cpUXyiKyguaTjEKQPQcmd5pump,6.533485632550089e-06,6.533485632550089e-06,6.533485632550089e-06,6.533485632550089e-06,1m,1759875360,0.0,usd,2025-10-07,1m
2qgURia1oejhtngnt3cpUXyiKyguaTjEKQPQcmd5pump,6.533485632550089e-06,6.533485632550089e-06,6.533485632550089e-06,6.533485632550089e-06,1m,1759875420,0.0,usd,2025-10-07,1m
2qgURia1oejhtngnt3cpUXyiKyguaTjEKQPQcmd5pump,6.533485632550089e-06,6.533485632550089e-06,6.533485632550089e-06,6.533485632550089e-06,1m,1759875480,0.0,usd,2025-10-07,1m
2qgURia1oejhtngnt3cpUXyiKyguaTjEKQPQcmd5pump,6.533485632550089e-06,6.533485632550089e-06,6.533485632550089e-06,6.533485632550089e-06,1m,1759875540,0.0,usd,2025-10-07,1m
2qgURia1oejhtngnt3cpUXyiKyguaTjEKQPQcmd5pump,6.533485632550089e-06,6.533485632550089e-06,6.533485632550089e-06,6.533485632550089e-06,1m,1759875600,0.0,usd,2025-10-07,1m
2qgURia1oejhtngnt3cpUXyiKyguaTjEKQPQcmd5pump,6.533485632550089e-06,6.533485632550089e-06,6.533485632550089e-06,6.533485632550089e-06,1m,1759875660,0.0,usd,2025-10-07,1m
2qgURia1oejhtngnt3cpUXyiKyguaTjEKQPQcmd5pump,6.533485632550089e-06,6.533485632550089e-06,6.533485632550089e-06,6.533485632550089e-06,1m,1759875720,0.0,usd,2025-10-07,1m
2qgURia1oejhtngnt3cpUXyiKyguaTjEKQPQcmd5pump,6.533485632550089e-06,6.533485632550089e-06,6.533485632550089e-06,6.533485632550089e-06,1m,1759875780,0.0,usd,2025-10-07,1m
2qgURia1oejhtngnt3cpUXyiKyguaTjEKQPQcmd5pump,6.533485632550089e-06,6.533485632550089e-06,6.533485632550089e-06,6.533485632550089e-06,1m,1759875840,0.0,usd,2025-10-07,1m
2qgURia1oejhtngnt3cpUXyiKyguaTjEKQPQcmd5pump,6.533485632550089e-06,6.533485632550089e-06,6.533485632550089e-06,6.533485632550089e-06,1m,1759875900,0.0,usd,2025-10-07,1m
2qgURia1oejhtngnt3cpUXyiKyguaTjEKQPQcmd5pump,6.533485632550089e-06,6.533485632550089e-06,6.533485632550089e-06,6.533485632550089e-06,1m,1759875960,0.0,usd,2025-10-07,1m
2qgURia1oejhtngnt3cpUXyiKyguaTjEKQPQcmd5pump,6.533485632550089e-06,6.533485632550089e-06,6.533485632550089e-06,6.533485632550089e-06,1m,1759876020,0.0,usd,2025-10-07,1m
2qgURia1oejhtngnt3cpUXyiKyguaTjEKQPQcmd5pump,6.533485632550089e-06,6.533485632550089e-06,6.533485632550089e-06,6.533485632550089e-06,1m,1759876080,0.0,usd,2025-10-07,1m
2qgURia1oejhtngnt3cpUXyiKyguaTjEKQPQcmd5pump,6.533485632550089e-06,6.533485632550089e-06,6.533485632550089e-06,6.533485632550089e-06,1m,1759876140,0.0,usd,2025-10-07,1m
2qgURia1oejhtngnt3cpUXyiKyguaTjEKQPQcmd5pump,6.533485632550089e-06,6.533485632550089e-06,6.533485632550089e-06,6.533485632550089e-06,1m,1759876200,0.0,usd,2025-10-07,1m
2qgURia1oejhtngnt3cpUXyiKyguaTjEKQPQcmd5pump,6.533485632550089e-06,6.533485632550089e-06,6.533485632550089e-06,6.533485632550089e-06,1m,1759876260,0.0,usd,2025-10-07,1m
2qgURia1oejhtngnt3cpUXyiKyguaTjEKQPQcmd5pump,6.533485632550089e-06,6.533485632550089e-06,6.533485632550089e-06,6.533485632550089e-06,1m,1759876320,0.0,usd,2025-10-07,1m
2qgURia1oejhtngnt3cpUXyiKyguaTjEKQPQcmd5pump,6.533485632550089e-06,6.533485632550089e-06,6.533485632550089e-06,6.533485632550089e-06,1m,1759876380,0.0,usd,2025-10-07,1m
2qgURia1oejhtngnt3cpUXyiKyguaTjEKQPQcmd5pump,6.533485632550089e-06,6.533485632550089e-06,6.533485632550089e-06,6.533485632550089e-06,1m,1759876440,0.0,usd,2025-10-07,1m
2qgURia1oejhtngnt3cpUXyiKyguaTjEKQPQcmd5pump,6.533485632550089e-06,6.533485632550089e-06,6.533485632550089e-06,6.533485632550089e-06,1m,1759876500,0.0,usd,2025-10-07,1m
2qgURia1oejhtngnt3cpUXyiKyguaTjEKQPQcmd5pump,6.533485632550089e-06,6.533485632550089e-06,6.533485632550089e-06,6.533485632550089e-06,1m,1759876560,0.0,usd,2025-10-07,1m
2qgURia1oejhtngnt3cpUXyiKyguaTjEKQPQcmd5pump,6.533485632550089e-06,6.533485632550089e-06,6.533485632550089e-06,6.533485632550089e-06,1m,1759876620,0.0,usd,2025-10-07,1m
2qgURia1oejhtngnt3cpUXyiKyguaTjEKQPQcmd5pump,6.533485632550089e-06,6.533485632550089e-06,6.533485632550089e-06,6.533485632550089e-06,1m,1759876680,0.0,usd,2025-10-07,1m
2qgURia1oejhtngnt3cpUXyiKyguaTjEKQPQcmd5pump,6.533485632550089e-06,6.533485632550089e-06,6.533485632550089e-06,6.533485632550089e-06,1m,1759876740,0.0,usd,2025-10-07,1m
2qgURia1oejhtngnt3cpUXyiKyguaTjEKQPQcmd5pump,6.533485632550089e-06,6.533485632550089e-06,6.533485632550089e-06,6.533485632550089e-06,1m,1759876800,0.0,usd,2025-10-07,1m
2qgURia1oejhtngnt3cpUXyiKyguaTjEKQPQcmd5pump,6.533485632550089e-06,6.533485632550089e-06,6.533485632550089e-06,6.533485632550089e-06,1m,1759876860,0.0,usd,2025-10-07,1m
2qgURia1oejhtngnt3cpUXyiKyguaTjEKQPQcmd5pump,6.533485632550089e-06,6.533485632550089e-06,6.533485632550089e-06,6.533485632550089e-06,1m,1759876920,0.0,usd,2025-10-07,1m
2qgURia1oejhtngnt3cpUXyiKyguaTjEKQPQcmd5pump,6.533485632550089e-06,6.533485632550089e-06,6.533485632550089e-06,6.533485632550089e-06,1m,1759876980,0.0,usd,2025-10-07,1m
2qgURia1oejhtngnt3cpUXyiKyguaTjEKQPQcmd5pump,6.533485632550089e-06,6.533485632550089e-06,6.533485632550089e-06,6.533485632550089e-06,1m,1759877040,0.0,usd,2025-10-07,1m
2qgURia1oejhtngnt3cpUXyiKyguaTjEKQPQcmd5pump,6.533485632550089e-06,6.533485632550089e-06,6.533485632550089e-06,6.533485632550089e-06,1m,1759877100,0.0,usd,2025-10-07,1m
2qgURia1oejhtngnt3cpUXyiKyguaTjEKQPQcmd5pump,6.533485632550089e-06,6.533485632550089e-06,6.533485632550089e-06,6.533485632550089e-06,1m,1759877160,0.0,usd,2025-10-07,1m
2qgURia1oejhtngnt3cpUXyiKyguaTjEKQPQcmd5pump,6.533485632550089e-06,6.533485632550089e-06,6.533485632550089e-06,6.533485632550089e-06,1m,1759877220,0.0,usd,2025-10-07,1m
2qgURia1oejhtngnt3cpUXyiKyguaTjEKQPQcmd5pump,6.533485632550089e-06,6.533485632550089e-06,6.533485632550089e-06,6.533485632550089e-06,1m,1759877280,0.0,usd,2025-10-07,1m
2qgURia1oejhtngnt3cpUXyiKyguaTjEKQPQcmd5pump,6.533485632550089e-06,6.533485632550089e-06,6.533485632550089e-06,6.533485632550089e-06,1m,1759877340,0.0,usd,2025-10-07,1m
2qgURia1oejhtngnt3cpUXyiKyguaTjEKQPQcmd5pump,6.533485632550089e-06,6.533485632550089e-06,6.533485632550089e-06,6.533485632550089e-06,1m,1759877400,0.0,usd,2025-10-07,1m
2qgURia1oejhtngnt3cpUXyiKyguaTjEKQPQcmd5pump,6.533485632550089e-06,6.533485632550089e-06,6.533485632550089e-06,6.533485632550089e-06,1m,1759877460,0.0,usd,2025-10-07,1m
2qgURia1oejhtngnt3cpUXyiKyguaTjEKQPQcmd5pump,6.533485632550089e-06,6.533485632550089e-06,6.533485632550089e-06,6.533485632550089e-06,1m,1759877520,0.0,usd,2025-10-07,1m
2qgURia1oejhtngnt3cpUXyiKyguaTjEKQPQcmd5pump,6.533485632550089e-06,6.533485632550089e-06,6.533485632550089e-06,6.533485632550089e-06,1m,1759877580,0.0,usd,2025-10-07,1m
2qgURia1oejhtngnt3cpUXyiKyguaTjEKQPQcmd5pump,6.533485632550089e-06,6.533485632550089e-06,6.533485632550089e-06,6.533485632550089e-06,1m,1759877640,0.0,usd,2025-10-07,1m
2qgURia1oejhtngnt3cpUXyiKyguaTjEKQPQcmd5pump,6.533485632550089e-06,6.533485632550089e-06,6.533485632550089e-06,6.533485632550089e-06,1m,1759877700,0.0,usd,2025-10-07,1m
2qgURia1oejhtngnt3cpUXyiKyguaTjEKQPQcmd5pump,6.533485632550089e-06,6.533485632550089e-06,6.533485632550089e-06,6.533485632550089e-06,1m,1759877760,0.0,usd,2025-10-07,1m
2qgURia1oejhtngnt3cpUXyiKyguaTjEKQPQcmd5pump,6.533485632550089e-06,6.533485632550089e-06,6.533485632550089e-06,6.533485632550089e-06,1m,1759877820,0.0,usd,2025-10-07,1m
2qgURia1oejhtngnt3cpUXyiKyguaTjEKQPQcmd5pump,6.533485632550089e-06,6.533485632550089e-06,6.533485632550089e-06,6.533485632550089e-06,1m,1759877880,0.0,usd,2025-10-07,1m
2qgURia1oejhtngnt3cpUXyiKyguaTjEKQPQcmd5pump,6.533485632550089e-06,6.533485632550089e-06,6.533485632550089e-06,6.533485632550089e-06,1m,1759877940,0.0,usd,2025-10-07,1m
2qgURia1oejhtngnt3cpUXyiKyguaTjEKQPQcmd5pump,6.533485632550089e-06,6.533485632550089e-06,6.533485632550089e-06,6.533485632550089e-06,1m,1759878000,0.0,usd,2025-10-07,1m
2qgURia1oejhtngnt3cpUXyiKyguaTjEKQPQcmd5pump,6.533485632550089e-06,6.533485632550089e-06,6.533485632550089e-06,6.533485632550089e-06,1m,1759878060,0.0,usd,2025-10-07,1m
2qgURia1oejhtngnt3cpUXyiKyguaTjEKQPQcmd5pump,6.533485632550089e-06,6.533485632550089e-06,6.533485632550089e-06,6.533485632550089e-06,1m,1759878120,0.0,usd,2025-10-07,1m
2qgURia1oejhtngnt3cpUXyiKyguaTjEKQPQcmd5pump,6.533485632550089e-06,6.533485632550089e-06,6.533485632550089e-06,6.533485632550089e-06,1m,1759878180,0.0,usd,2025-10-07,1m
2qgURia1oejhtngnt3cpUXyiKyguaTjEKQPQcmd5pump,6.533485632550089e-06,6.533485632550089e-06,6.533485632550089e-06,6.533485632550089e-06,1m,1759878240,0.0,usd,2025-10-07,1m
2qgURia1oejhtngnt3cpUXyiKyguaTjEKQPQcmd5pump,6.533485632550089e-06,6.533485632550089e-06,6.533485632550089e-06,6.533485632550089e-06,1m,1759878300,0.0,usd,2025-10-07,1m
2qgURia1oejhtngnt3cpUXyiKyguaTjEKQPQcmd5pump,6.533485632550089e-06,6.533485632550089e-06,6.533485632550089e-06,6.533485632550089e-06,1m,1759878360,0.0,usd,2025-10-07,1m
2qgURia1oejhtngnt3cpUXyiKyguaTjEKQPQcmd5pump,6.533485632550089e-06,6.533485632550089e-06,6.533485632550089e-06,6.533485632550089e-06,1m,1759878420,0.0,usd,2025-10-07,1m
2qgURia1oejhtngnt3cpUXyiKyguaTjEKQPQcmd5pump,6.533485632550089e-06,6.533485632550089e-06,6.533485632550089e-06,6.533485632550089e-06,1m,1759878480,0.0,usd,2025-10-07,1m
2qgURia1oejhtngnt3cpUXyiKyguaTjEKQPQcmd5pump,6.533485632550089e-06,6.533485632550089e-06,6.533485632550089e-06,6.533485632550089e-06,1m,1759878540,0.0,usd,2025-10-07,1m
2qgURia1oejhtngnt3cpUXyiKyguaTjEKQPQcmd5pump,6.533485632550089e-06,6.533485632550089e-06,6.533485632550089e-06,6.533485632550089e-06,1m,1759878600,0.0,usd,2025-10-07,1m
2qgURia1oejhtngnt3cpUXyiKyguaTjEKQPQcmd5pump,6.533485632550089e-06,6.533485632550089e-06,6.533485632550089e-06,6.533485632550089e-06,1m,1759878660,0.0,usd,2025-10-07,1m
2qgURia1oejhtngnt3cpUXyiKyguaTjEKQPQcmd5pump,6.533485632550089e-06,6.533485632550089e-06,6.533485632550089e-06,6.533485632550089e-06,1m,1759878720,0.0,usd,2025-10-07,1m
2qgURia1oejhtngnt3cpUXyiKyguaTjEKQPQcmd5pump,6.533485632550089e-06,6.533485632550089e-06,6.533485632550089e-06,6.533485632550089e-06,1m,1759878780,0.0,usd,2025-10-07,1m
2qgURia1oejhtngnt3cpUXyiKyguaTjEKQPQcmd5pump,6.533485632550089e-06,6.533485632550089e-06,6.533485632550089e-06,6.533485632550089e-06,1m,1759878840,0.0,usd,2025-10-07,1m
2qgURia1oejhtngnt3cpUXyiKyguaTjEKQPQcmd5pump,6.533485632550089e-06,6.533485632550089e-06,6.533485632550089e-06,6.533485632550089e-06,1m,1759878900,0.0,usd,2025-10-07,1m
2qgURia1oejhtngnt3cpUXyiKyguaTjEKQPQcmd5pump,6.533485632550089e-06,6.533485632550089e-06,6.533485632550089e-06,6.533485632550089e-06,1m,1759878960,0.0,usd,2025-10-07,1m
2qgURia1oejhtngnt3cpUXyiKyguaTjEKQPQcmd5pump,6.533485632550089e-06,6.533485632550089e-06,6.533485632550089e-06,6.533485632550089e-06,1m,1759879020,0.0,usd,2025-10-07,1m
2qgURia1oejhtngnt3cpUXyiKyguaTjEKQPQcmd5pump,6.533485632550089e-06,6.533485632550089e-06,6.533485632550089e-06,6.533485632550089e-06,1m,1759879080,0.0,usd,2025-10-07,1m
2qgURia1oejhtngnt3cpUXyiKyguaTjEKQPQcmd5pump,6.533485632550089e-06,6.533485632550089e-06,6.533485632550089e-06,6.533485632550089e-06,1m,1759879140,0.0,usd,2025-10-07,1m
2qgURia1oejhtngnt3cpUXyiKyguaTjEKQPQcmd5pump,6.533485632550089e-06,6.533485632550089e-06,6.533485632550089e-06,6.533485632550089e-06,1m,1759879200,0.0,usd,2025-10-07,1m
2qgURia1oejhtngnt3cpUXyiKyguaTjEKQPQcmd5pump,6.533485632550089e-06,6.533485632550089e-06,6.533485632550089e-06,6.533485632550089e-06,1m,1759879260,0.0,usd,2025-10-07,1m
2qgURia1oejhtngnt3cpUXyiKyguaTjEKQPQcmd5pump,6.533485632550089e-06,6.533485632550089e-06,6.533485632550089e-06,6.533485632550089e-06,1m,1759879320,0.0,usd,2025-10-07,1m
2qgURia1oejhtngnt3cpUXyiKyguaTjEKQPQcmd5pump,6.533485632550089e-06,6.533485632550089e-06,6.533485632550089e-06,6.533485632550089e-06,1m,1759879380,0.0,usd,2025-10-07,1m
2qgURia1oejhtngnt3cpUXyiKyguaTjEKQPQcmd5pump,6.533485632550089e-06,6.533485632550089e-06,6.533485632550089e-06,6.533485632550089e-06,1m,1759879440,0.0,usd,2025-10-07,1m
2qgURia1oejhtngnt3cpUXyiKyguaTjEKQPQcmd5pump,6.533485632550089e-06,6.533485632550089e-06,6.533485632550089e-06,6.533485632550089e-06,1m,1759879500,0.0,usd,2025-10-07,1m
2qgURia1oejhtngnt3cpUXyiKyguaTjEKQPQcmd5pump,6.533485632550089e-06,6.533485632550089e-06,6.533485632550089e-06,6.533485632550089e-06,1m,1759879560,0.0,usd,2025-10-07,1m
2qgURia1oejhtngnt3cpUXyiKyguaTjEKQPQcmd5pump,6.533485632550089e-06,6.533485632550089e-06,6.533485632550089e-06,6.533485632550089e-06,1m,1759879620,0.0,usd,2025-10-07,1m
2qgURia1oejhtngnt3cpUXyiKyguaTjEKQPQcmd5pump,6.533485632550089e-06,6.533485632550089e-06,6.533485632550089e-06,6.533485632550089e-06,1m,1759879680,0.0,usd,2025-10-07,1m
2qgURia1oejhtngnt3cpUXyiKyguaTjEKQPQcmd5pump,6.533485632550089e-06,6.533485632550089e-06,6.533485632550089e-06,6.533485632550089e-06,1m,1759879740,0.0,usd,2025-10-07,1m
2qgURia1oejhtngnt3cpUXyiKyguaTjEKQPQcmd5pump,6.533485632550089e-06,6.533485632550089e-06,6.533485632550089e-06,6.533485632550089e-06,1m,1759879800,0.0,usd,2025-10-07,1m
2qgURia1oejhtngnt3cpUXyiKyguaTjEKQPQcmd5pump,6.533485632550089e-06,6.533485632550089e-06,6.533485632550089e-06,6.533485632550089e-06,1m,1759879860,0.0,usd,2025-10-07,1m
2qgURia1oejhtngnt3cpUXyiKyguaTjEKQPQcmd5pump,6.533485632550089e-06,6.533485632550089e-06,6.533485632550089e-06,6.533485632550089e-06,1m,1759879920,0.0,usd,2025-10-07,1m
2qgURia1oejhtngnt3cpUXyiKyguaTjEKQPQcmd5pump,6.533485632550089e-06,6.533485632550089e-06,6.533485632550089e-06,6.533485632550089e-06,1m,1759879980,0.0,usd,2025-10-07,1m
2qgURia1oejhtngnt3cpUXyiKyguaTjEKQPQcmd5pump,6.533485632550089e-06,6.533485632550089e-06,6.533485632550089e-06,6.533485632550089e-06,1m,1759880040,0.0,usd,2025-10-07,1m
2qgURia1oejhtngnt3cpUXyiKyguaTjEKQPQcmd5pump,6.533485632550089e-06,6.533485632550089e-06,6.533485632550089e-06,6.533485632550089e-06,1m,1759880100,0.0,usd,2025-10-07,1m
2qgURia1oejhtngnt3cpUXyiKyguaTjEKQPQcmd5pump,6.533485632550089e-06,6.533485632550089e-06,6.533485632550089e-06,6.533485632550089e-06,1m,1759880160,0.0,usd,2025-10-07,1m
2qgURia1oejhtngnt3cpUXyiKyguaTjEKQPQcmd5pump,6.533485632550089e-06,6.533485632550089e-06,6.533485632550089e-06,6.533485632550089e-06,1m,1759880220,0.0,usd,2025-10-07,1m
2qgURia1oejhtngnt3cpUXyiKyguaTjEKQPQcmd5pump,6.533485632550089e-06,6.533485632550089e-06,6.533485632550089e-06,6.533485632550089e-06,1m,1759880280,0.0,usd,2025-10-07,1m
2qgURia1oejhtngnt3cpUXyiKyguaTjEKQPQcmd5pump,6.533485632550089e-06,6.533485632550089e-06,6.533485632550089e-06,6.533485632550089e-06,1m,1759880340,0.0,usd,2025-10-07,1m
2qgURia1oejhtngnt3cpUXyiKyguaTjEKQPQcmd5pump,6.533485632550089e-06,6.533485632550089e-06,6.533485632550089e-06,6.533485632550089e-06,1m,1759880400,0.0,usd,2025-10-07,1m
2qgURia1oejhtngnt3cpUXyiKyguaTjEKQPQcmd5pump,6.533485632550089e-06,6.533485632550089e-06,6.533485632550089e-06,6.533485632550089e-06,1m,1759880460,0.0,usd,2025-10-07,1m
2qgURia1oejhtngnt3cpUXyiKyguaTjEKQPQcmd5pump,6.533485632550089e-06,6.533485632550089e-06,6.533485632550089e-06,6.533485632550089e-06,1H,1759881600,0.0,usd,2025-10-08,1H
2qgURia1oejhtngnt3cpUXyiKyguaTjEKQPQcmd5pump,6.533485632550089e-06,6.533485632550089e-06,6.533485632550089e-06,6.533485632550089e-06,1H,1759885200,0.0,usd,2025-10-08,1H
2qgURia1oejhtngnt3cpUXyiKyguaTjEKQPQcmd5pump,6.533485632550089e-06,6.533485632550089e-06,6.533485632550089e-06,6.533485632550089e-06,1H,1759888800,0.0,usd,2025-10-08,1H
2qgURia1oejhtngnt3cpUXyiKyguaTjEKQPQcmd5pump,6.533485632550089e-06,6.533485632550089e-06,6.533485632550089e-06,6.533485632550089e-06,1H,1759892400,0.0,usd,2025-10-08,1H
2qgURia1oejhtngnt3cpUXyiKyguaTjEKQPQcmd5pump,6.533485632550089e-06,6.533485632550089e-06,6.533485632550089e-06,6.533485632550089e-06,1H,1759896000,0.0,usd,2025-10-08,1H
2qgURia1oejhtngnt3cpUXyiKyguaTjEKQPQcmd5pump,6.533485632550089e-06,6.533485632550089e-06,6.533485632550089e-06,6.533485632550089e-06,1H,1759899600,0.0,usd,2025-10-08,1H
2qgURia1oejhtngnt3cpUXyiKyguaTjEKQPQcmd5pump,6.533485632550089e-06,6.533485632550089e-06,6.533485632550089e-06,6.533485632550089e-06,1H,1759903200,0.0,usd,2025-10-08,1H
2qgURia1oejhtngnt3cpUXyiKyguaTjEKQPQcmd5pump,6.533485632550089e-06,6.533485632550089e-06,6.533485632550089e-06,6.533485632550089e-06,1H,1759906800,0.0,usd,2025-10-08,1H
2qgURia1oejhtngnt3cpUXyiKyguaTjEKQPQcmd5pump,6.533485632550089e-06,6.533485632550089e-06,6.533485632550089e-06,6.533485632550089e-06,1H,1759910400,0.0,usd,2025-10-08,1H
2qgURia1oejhtngnt3cpUXyiKyguaTjEKQPQcmd5pump,6.533485632550089e-06,6.533485632550089e-06,6.533485632550089e-06,6.533485632550089e-06,1H,1759914000,0.0,usd,2025-10-08,1H
2qgURia1oejhtngnt3cpUXyiKyguaTjEKQPQcmd5pump,6.533485632550089e-06,6.533485632550089e-06,6.533485632550089e-06,6.533485632550089e-06,1H,1759917600,0.0,usd,2025-10-08,1H
2qgURia1oejhtngnt3cpUXyiKyguaTjEKQPQcmd5pump,6.533485632550089e-06,6.533485632550089e-06,6.533485632550089e-06,6.533485632550089e-06,1H,1759921200,0.0,usd,2025-10-08,1H
2qgURia1oejhtngnt3cpUXyiKyguaTjEKQPQcmd5pump,6.533485632550089e-06,6.533485632550089e-06,6.533485632550089e-06,6.533485632550089e-06,1H,1759924800,0.0,usd,2025-10-08,1H
2qgURia1oejhtngnt3cpUXyiKyguaTjEKQPQcmd5pump,6.533485632550089e-06,6.533485632550089e-06,6.533485632550089e-06,6.533485632550089e-06,1H,1759928400,0.0,usd,2025-10-08,1H
2qgURia1oejhtngnt3cpUXyiKyguaTjEKQPQcmd5pump,6.533485632550089e-06,6.533485632550089e-06,6.533485632550089e-06,6.533485632550089e-06,1H,1759932000,0.0,usd,2025-10-08,1H
2qgURia1oejhtngnt3cpUXyiKyguaTjEKQPQcmd5pump,6.533485632550089e-06,6.533485632550089e-06,6.533485632550089e-06,6.533485632550089e-06,1H,1759935600,0.0,usd,2025-10-08,1H
2qgURia1oejhtngnt3cpUXyiKyguaTjEKQPQcmd5pump,6.533485632550089e-06,6.533485632550089e-06,6.533485632550089e-06,6.533485632550089e-06,1H,1759939200,0.0,usd,2025-10-08,1H
2qgURia1oejhtngnt3cpUXyiKyguaTjEKQPQcmd5pump,6.533485632550089e-06,6.533485632550089e-06,6.533485632550089e-06,6.533485632550089e-06,1H,1759942800,0.0,usd,2025-10-08,1H
2qgURia1oejhtngnt3cpUXyiKyguaTjEKQPQcmd5pump,6.533485632550089e-06,6.533485632550089e-06,6.533485632550089e-06,6.533485632550089e-06,1H,1759946400,0.0,usd,2025-10-08,1H
2qgURia1oejhtngnt3cpUXyiKyguaTjEKQPQcmd5pump,6.533485632550089e-06,6.533485632550089e-06,6.533485632550089e-06,6.533485632550089e-06,1H,1759950000,0.0,usd,2025-10-08,1H
2qgURia1oejhtngnt3cpUXyiKyguaTjEKQPQcmd5pump,6.533485632550089e-06,6.533485632550089e-06,6.533485632550089e-06,6.533485632550089e-06,1H,1759953600,0.0,usd,2025-10-08,1H
2qgURia1oejhtngnt3cpUXyiKyguaTjEKQPQcmd5pump,6.533485632550089e-06,6.533485632550089e-06,6.533485632550089e-06,6.533485632550089e-06,1H,1759957200,0.0,usd,2025-10-08,1H
2qgURia1oejhtngnt3cpUXyiKyguaTjEKQPQcmd5pump,6.533485632550089e-06,6.533485632550089e-06,6.533485632550089e-06,6.533485632550089e-06,1H,1759960800,0.0,usd,2025-10-08,1H
2qgURia1oejhtngnt3cpUXyiKyguaTjEKQPQcmd5pump,6.533485632550089e-06,6.533485632550089e-06,6.533485632550089e-06,6.533485632550089e-06,1H,1759964400,0.0,usd,2025-10-08,1H
2qgURia1oejhtngnt3cpUXyiKyguaTjEKQPQcmd5pump,6.533485632550089e-06,6.533485632550089e-06,6.533485632550089e-06,6.533485632550089e-06,1H,1759968000,0.0,usd,2025-10-09,1H
2qgURia1oejhtngnt3cpUXyiKyguaTjEKQPQcmd5pump,6.533485632550089e-06,6.533485632550089e-06,6.533485632550089e-06,6.533485632550089e-06,1H,1759971600,0.0,usd,2025-10-09,1H
2qgURia1oejhtngnt3cpUXyiKyguaTjEKQPQcmd5pump,6.533485632550089e-06,6.533485632550089e-06,6.533485632550089e-06,6.533485632550089e-06,1H,1759975200,0.0,usd,2025-10-09,1H
2qgURia1oejhtngnt3cpUXyiKyguaTjEKQPQcmd5pump,6.533485632550089e-06,6.533485632550089e-06,6.533485632550089e-06,6.533485632550089e-06,1H,1759978800,0.0,usd,2025-10-09,1H
2qgURia1oejhtngnt3cpUXyiKyguaTjEKQPQcmd5pump,6.533485632550089e-06,6.533485632550089e-06,6.533485632550089e-06,6.533485632550089e-06,1H,1759982400,0.0,usd,2025-10-09,1H
2qgURia1oejhtngnt3cpUXyiKyguaTjEKQPQcmd5pump,6.533485632550089e-06,6.533485632550089e-06,6.533485632550089e-06,6.533485632550089e-06,1H,1759986000,0.0,usd,2025-10-09,1H
2qgURia1oejhtngnt3cpUXyiKyguaTjEKQPQcmd5pump,6.533485632550089e-06,6.533485632550089e-06,6.533485632550089e-06,6.533485632550089e-06,1H,1759989600,0.0,usd,2025-10-09,1H
2qgURia1oejhtngnt3cpUXyiKyguaTjEKQPQcmd5pump,6.533485632550089e-06,6.533485632550089e-06,6.533485632550089e-06,6.533485632550089e-06,1H,1759993200,0.0,usd,2025-10-09,1H
2qgURia1oejhtngnt3cpUXyiKyguaTjEKQPQcmd5pump,6.533485632550089e-06,6.533485632550089e-06,6.533485632550089e-06,6.533485632550089e-06,1H,1759996800,0.0,usd,2025-10-09,1H
2qgURia1oejhtngnt3cpUXyiKyguaTjEKQPQcmd5pump,6.533485632550089e-06,6.533485632550089e-06,6.533485632550089e-06,6.533485632550089e-06,1H,1760000400,0.0,usd,2025-10-09,1H
2qgURia1oejhtngnt3cpUXyiKyguaTjEKQPQcmd5pump,6.533485632550089e-06,6.533485632550089e-06,6.533485632550089e-06,6.533485632550089e-06,1H,1760004000,0.0,usd,2025-10-09,1H
2qgURia1oejhtngnt3cpUXyiKyguaTjEKQPQcmd5pump,6.533485632550089e-06,6.533485632550089e-06,6.533485632550089e-06,6.533485632550089e-06,1H,1760007600,0.0,usd,2025-10-09,1H
2qgURia1oejhtngnt3cpUXyiKyguaTjEKQPQcmd5pump,6.533485632550089e-06,6.533485632550089e-06,6.533485632550089e-06,6.533485632550089e-06,1H,1760011200,0.0,usd,2025-10-09,1H
2qgURia1oejhtngnt3cpUXyiKyguaTjEKQPQcmd5pump,6.533485632550089e-06,6.533485632550089e-06,6.533485632550089e-06,6.533485632550089e-06,1H,1760014800,0.0,usd,2025-10-09,1H
2qgURia1oejhtngnt3cpUXyiKyguaTjEKQPQcmd5pump,6.533485632550089e-06,6.533485632550089e-06,6.533485632550089e-06,6.533485632550089e-06,1H,1760018400,0.0,usd,2025-10-09,1H
2qgURia1oejhtngnt3cpUXyiKyguaTjEKQPQcmd5pump,6.533485632550089e-06,6.533485632550089e-06,6.533485632550089e-06,6.533485632550089e-06,1H,1760022000,0.0,usd,2025-10-09,1H
2qgURia1oejhtngnt3cpUXyiKyguaTjEKQPQcmd5pump,6.533485632550089e-06,6.533485632550089e-06,6.533485632550089e-06,6.533485632550089e-06,1H,1760025600,0.0,usd,2025-10-09,1H
2qgURia1oejhtngnt3cpUXyiKyguaTjEKQPQcmd5pump,6.533485632550089e-06,6.533485632550089e-06,6.533485632550089e-06,6.533485632550089e-06,1H,1760029200,0.0,usd,2025-10-09,1H
2qgURia1oejhtngnt3cpUXyiKyguaTjEKQPQcmd5pump,6.533485632550089e-06,6.533485632550089e-06,6.533485632550089e-06,6.533485632550089e-06,1H,1760032800,0.0,usd,2025-10-09,1H
2qgURia1oejhtngnt3cpUXyiKyguaTjEKQPQcmd5pump,6.533485632550089e-06,6.533485632550089e-06,6.533485632550089e-06,6.533485632550089e-06,1H,1760036400,0.0,usd,2025-10-09,1H
2qgURia1oejhtngnt3cpUXyiKyguaTjEKQPQcmd5pump,6.533485632550089e-06,6.533485632550089e-06,6.533485632550089e-06,6.533485632550089e-06,1H,1760040000,0.0,usd,2025-10-09,1H
2qgURia1oejhtngnt3cpUXyiKyguaTjEKQPQcmd5pump,6.533485632550089e-06,6.533485632550089e-06,6.533485632550089e-06,6.533485632550089e-06,1H,1760043600,0.0,usd,2025-10-09,1H
2qgURia1oejhtngnt3cpUXyiKyguaTjEKQPQcmd5pump,6.533485632550089e-06,6.533485632550089e-06,6.533485632550089e-06,6.533485632550089e-06,1H,1760047200,0.0,usd,2025-10-09,1H
2qgURia1oejhtngnt3cpUXyiKyguaTjEKQPQcmd5pump,6.533485632550089e-06,6.533485632550089e-06,6.533485632550089e-06,6.533485632550089e-06,1H,1760050800,0.0,usd,2025-10-09,1H
2qgURia1oejhtngnt3cpUXyiKyguaTjEKQPQcmd5pump,6.533485632550089e-06,6.533485632550089e-06,6.533485632550089e-06,6.533485632550089e-06,1H,1760054400,0.0,usd,2025-10-10,1H
2qgURia1oejhtngnt3cpUXyiKyguaTjEKQPQcmd5pump,6.533485632550089e-06,6.533485632550089e-06,6.533485632550089e-06,6.533485632550089e-06,1H,1760058000,0.0,usd,2025-10-10,1H
2qgURia1oejhtngnt3cpUXyiKyguaTjEKQPQcmd5pump,6.533485632550089e-06,6.533485632550089e-06,6.533485632550089e-06,6.533485632550089e-06,1H,1760061600,0.0,usd,2025-10-10,1H
2qgURia1oejhtngnt3cpUXyiKyguaTjEKQPQcmd5pump,6.533485632550089e-06,6.533485632550089e-06,6.533485632550089e-06,6.533485632550089e-06,1H,1760065200,0.0,usd,2025-10-10,1H
2qgURia1oejhtngnt3cpUXyiKyguaTjEKQPQcmd5pump,6.533485632550089e-06,6.533485632550089e-06,6.533485632550089e-06,6.533485632550089e-06,1H,1760068800,0.0,usd,2025-10-10,1H
2qgURia1oejhtngnt3cpUXyiKyguaTjEKQPQcmd5pump,6.533485632550089e-06,6.533485632550089e-06,6.533485632550089e-06,6.533485632550089e-06,1H,1760072400,0.0,usd,2025-10-10,1H
2qgURia1oejhtngnt3cpUXyiKyguaTjEKQPQcmd5pump,6.533485632550089e-06,6.533485632550089e-06,6.533485632550089e-06,6.533485632550089e-06,1H,1760076000,0.0,usd,2025-10-10,1H
2qgURia1oejhtngnt3cpUXyiKyguaTjEKQPQcmd5pump,6.533485632550089e-06,6.533485632550089e-06,6.533485632550089e-06,6.533485632550089e-06,1H,1760079600,0.0,usd,2025-10-10,1H
2qgURia1oejhtngnt3cpUXyiKyguaTjEKQPQcmd5pump,6.533485632550089e-06,6.533485632550089e-06,6.533485632550089e-06,6.533485632550089e-06,1H,1760083200,0.0,usd,2025-10-10,1H
2qgURia1oejhtngnt3cpUXyiKyguaTjEKQPQcmd5pump,6.533485632550089e-06,6.533485632550089e-06,6.533485632550089e-06,6.533485632550089e-06,1H,1760086800,0.0,usd,2025-10-10,1H
2qgURia1oejhtngnt3cpUXyiKyguaTjEKQPQcmd5pump,6.533485632550089e-06,6.533485632550089e-06,6.533485632550089e-06,6.533485632550089e-06,1H,1760090400,0.0,usd,2025-10-10,1H
2qgURia1oejhtngnt3cpUXyiKyguaTjEKQPQcmd5pump,6.533485632550089e-06,6.533485632550089e-06,6.533485632550089e-06,6.533485632550089e-06,1H,1760094000,0.0,usd,2025-10-10,1H
2qgURia1oejhtngnt3cpUXyiKyguaTjEKQPQcmd5pump,6.533485632550089e-06,6.533485632550089e-06,6.533485632550089e-06,6.533485632550089e-06,1H,1760097600,0.0,usd,2025-10-10,1H
2qgURia1oejhtngnt3cpUXyiKyguaTjEKQPQcmd5pump,6.533485632550089e-06,6.533485632550089e-06,6.533485632550089e-06,6.533485632550089e-06,1H,1760101200,0.0,usd,2025-10-10,1H
2qgURia1oejhtngnt3cpUXyiKyguaTjEKQPQcmd5pump,6.533485632550089e-06,6.533485632550089e-06,6.533485632550089e-06,6.533485632550089e-06,1H,1760104800,0.0,usd,2025-10-10,1H
2qgURia1oejhtngnt3cpUXyiKyguaTjEKQPQcmd5pump,6.533485632550089e-06,6.533485632550089e-06,6.533485632550089e-06,6.533485632550089e-06,1H,1760108400,0.0,usd,2025-10-10,1H
2qgURia1oejhtngnt3cpUXyiKyguaTjEKQPQcmd5pump,6.533485632550089e-06,6.533485632550089e-06,6.533485632550089e-06,6.533485632550089e-06,1H,1760112000,0.0,usd,2025-10-10,1H
2qgURia1oejhtngnt3cpUXyiKyguaTjEKQPQcmd5pump,6.533485632550089e-06,6.533485632550089e-06,6.533485632550089e-06,6.533485632550089e-06,1H,1760115600,0.0,usd,2025-10-10,1H
2qgURia1oejhtngnt3cpUXyiKyguaTjEKQPQcmd5pump,6.533485632550089e-06,6.533485632550089e-06,6.533485632550089e-06,6.533485632550089e-06,1H,1760119200,0.0,usd,2025-10-10,1H
2qgURia1oejhtngnt3cpUXyiKyguaTjEKQPQcmd5pump,6.533485632550089e-06,6.533485632550089e-06,6.533485632550089e-06,6.533485632550089e-06,1H,1760122800,0.0,usd,2025-10-10,1H
2qgURia1oejhtngnt3cpUXyiKyguaTjEKQPQcmd5pump,6.533485632550089e-06,6.533485632550089e-06,6.533485632550089e-06,6.533485632550089e-06,1H,1760126400,0.0,usd,2025-10-10,1H
2qgURia1oejhtngnt3cpUXyiKyguaTjEKQPQcmd5pump,6.533485632550089e-06,6.533485632550089e-06,6.533485632550089e-06,6.533485632550089e-06,1H,1760130000,0.0,usd,2025-10-10,1H
2qgURia1oejhtngnt3cpUXyiKyguaTjEKQPQcmd5pump,6.533485632550089e-06,6.533485632550089e-06,6.533485632550089e-06,6.533485632550089e-06,1H,1760133600,0.0,usd,2025-10-10,1H
2qgURia1oejhtngnt3cpUXyiKyguaTjEKQPQcmd5pump,6.533485632550089e-06,6.533485632550089e-06,6.533485632550089e-06,6.533485632550089e-06,1H,1760137200,0.0,usd,2025-10-10,1H
2qgURia1oejhtngnt3cpUXyiKyguaTjEKQPQcmd5pump,6.533485632550089e-06,6.533485632550089e-06,6.533485632550089e-06,6.533485632550089e-06,1H,1760140800,0.0,usd,2025-10-11,1H
2qgURia1oejhtngnt3cpUXyiKyguaTjEKQPQcmd5pump,6.533485632550089e-06,6.533485632550089e-06,6.533485632550089e-06,6.533485632550089e-06,1H,1760144400,0.0,usd,2025-10-11,1H
2qgURia1oejhtngnt3cpUXyiKyguaTjEKQPQcmd5pump,6.533485632550089e-06,6.533485632550089e-06,6.533485632550089e-06,6.533485632550089e-06,1H,1760148000,0.0,usd,2025-10-11,1H
2qgURia1oejhtngnt3cpUXyiKyguaTjEKQPQcmd5pump,6.533485632550089e-06,6.533485632550089e-06,6.533485632550089e-06,6.533485632550089e-06,1H,1760151600,0.0,usd,2025-10-11,1H
2qgURia1oejhtngnt3cpUXyiKyguaTjEKQPQcmd5pump,6.533485632550089e-06,6.533485632550089e-06,6.533485632550089e-06,6.533485632550089e-06,1H,1760155200,0.0,usd,2025-10-11,1H
2qgURia1oejhtngnt3cpUXyiKyguaTjEKQPQcmd5pump,6.533485632550089e-06,6.533485632550089e-06,6.533485632550089e-06,6.533485632550089e-06,1H,1760158800,0.0,usd,2025-10-11,1H
2qgURia1oejhtngnt3cpUXyiKyguaTjEKQPQcmd5pump,6.533485632550089e-06,6.533485632550089e-06,6.533485632550089e-06,6.533485632550089e-06,1H,1760162400,0.0,usd,2025-10-11,1H
2qgURia1oejhtngnt3cpUXyiKyguaTjEKQPQcmd5pump,6.533485632550089e-06,6.533485632550089e-06,6.533485632550089e-06,6.533485632550089e-06,1H,1760166000,0.0,usd,2025-10-11,1H
2qgURia1oejhtngnt3cpUXyiKyguaTjEKQPQcmd5pump,6.533485632550089e-06,6.533485632550089e-06,6.533485632550089e-06,6.533485632550089e-06,1H,1760169600,0.0,usd,2025-10-11,1H
2qgURia1oejhtngnt3cpUXyiKyguaTjEKQPQcmd5pump,6.533485632550089e-06,6.533485632550089e-06,6.533485632550089e-06,6.533485632550089e-06,1H,1760173200,0.0,usd,2025-10-11,1H
2qgURia1oejhtngnt3cpUXyiKyguaTjEKQPQcmd5pump,6.533485632550089e-06,6.533485632550089e-06,6.533485632550089e-06,6.533485632550089e-06,1H,1760176800,0.0,usd,2025-10-11,1H
2qgURia1oejhtngnt3cpUXyiKyguaTjEKQPQcmd5pump,6.533485632550089e-06,6.533485632550089e-06,6.533485632550089e-06,6.533485632550089e-06,1H,1760180400,0.0,usd,2025-10-11,1H
2qgURia1oejhtngnt3cpUXyiKyguaTjEKQPQcmd5pump,6.533485632550089e-06,6.533485632550089e-06,6.533485632550089e-06,6.533485632550089e-06,1H,1760184000,0.0,usd,2025-10-11,1H
2qgURia1oejhtngnt3cpUXyiKyguaTjEKQPQcmd5pump,6.533485632550089e-06,6.533485632550089e-06,6.533485632550089e-06,6.533485632550089e-06,1H,1760187600,0.0,usd,2025-10-11,1H
2qgURia1oejhtngnt3cpUXyiKyguaTjEKQPQcmd5pump,6.533485632550089e-06,6.533485632550089e-06,6.533485632550089e-06,6.533485632550089e-06,1H,1760191200,0.0,usd,2025-10-11,1H
2qgURia1oejhtngnt3cpUXyiKyguaTjEKQPQcmd5pump,6.533485632550089e-06,6.533485632550089e-06,6.533485632550089e-06,6.533485632550089e-06,1H,1760194800,0.0,usd,2025-10-11,1H
2qgURia1oejhtngnt3cpUXyiKyguaTjEKQPQcmd5pump,6.533485632550089e-06,6.533485632550089e-06,6.533485632550089e-06,6.533485632550089e-06,1H,1760198400,0.0,usd,2025-10-11,1H
2qgURia1oejhtngnt3cpUXyiKyguaTjEKQPQcmd5pump,6.533485632550089e-06,6.533485632550089e-06,6.533485632550089e-06,6.533485632550089e-06,1H,1760202000,0.0,usd,2025-10-11,1H
2qgURia1oejhtngnt3cpUXyiKyguaTjEKQPQcmd5pump,6.533485632550089e-06,6.533485632550089e-06,6.533485632550089e-06,6.533485632550089e-06,1H,1760205600,0.0,usd,2025-10-11,1H
2qgURia1oejhtngnt3cpUXyiKyguaTjEKQPQcmd5pump,6.533485632550089e-06,6.533485632550089e-06,6.533485632550089e-06,6.533485632550089e-06,1H,1760209200,0.0,usd,2025-10-11,1H
2qgURia1oejhtngnt3cpUXyiKyguaTjEKQPQcmd5pump,6.533485632550089e-06,6.533485632550089e-06,6.533485632550089e-06,6.533485632550089e-06,1H,1760212800,0.0,usd,2025-10-11,1H
2qgURia1oejhtngnt3cpUXyiKyguaTjEKQPQcmd5pump,6.533485632550089e-06,6.533485632550089e-06,6.533485632550089e-06,6.533485632550089e-06,1H,1760216400,0.0,usd,2025-10-11,1H
2qgURia1oejhtngnt3cpUXyiKyguaTjEKQPQcmd5pump,6.533485632550089e-06,6.533485632550089e-06,6.533485632550089e-06,6.533485632550089e-06,1H,1760220000,0.0,usd,2025-10-11,1H
2qgURia1oejhtngnt3cpUXyiKyguaTjEKQPQcmd5pump,6.533485632550089e-06,6.533485632550089e-06,6.533485632550089e-06,6.533485632550089e-06,1H,1760223600,0.0,usd,2025-10-11,1H
2qgURia1oejhtngnt3cpUXyiKyguaTjEKQPQcmd5pump,6.533485632550089e-06,6.533485632550089e-06,6.533485632550089e-06,6.533485632550089e-06,1H,1760227200,0.0,usd,2025-10-12,1H
2qgURia1oejhtngnt3cpUXyiKyguaTjEKQPQcmd5pump,6.533485632550089e-06,6.533485632550089e-06,6.533485632550089e-06,6.533485632550089e-06,1H,1760230800,0.0,usd,2025-10-12,1H
2qgURia1oejhtngnt3cpUXyiKyguaTjEKQPQcmd5pump,6.533485632550089e-06,6.533485632550089e-06,6.533485632550089e-06,6.533485632550089e-06,1H,1760234400,0.0,usd,2025-10-12,1H
2qgURia1oejhtngnt3cpUXyiKyguaTjEKQPQcmd5pump,6.533485632550089e-06,6.533485632550089e-06,6.533485632550089e-06,6.533485632550089e-06,1H,1760238000,0.0,usd,2025-10-12,1H
2qgURia1oejhtngnt3cpUXyiKyguaTjEKQPQcmd5pump,6.533485632550089e-06,6.533485632550089e-06,6.533485632550089e-06,6.533485632550089e-06,1H,1760241600,0.0,usd,2025-10-12,1H
2qgURia1oejhtngnt3cpUXyiKyguaTjEKQPQcmd5pump,6.533485632550089e-06,6.533485632550089e-06,6.533485632550089e-06,6.533485632550089e-06,1H,1760245200,0.0,usd,2025-10-12,1H
2qgURia1oejhtngnt3cpUXyiKyguaTjEKQPQcmd5pump,6.533485632550089e-06,6.533485632550089e-06,6.533485632550089e-06,6.533485632550089e-06,1H,1760248800,0.0,usd,2025-10-12,1H
2qgURia1oejhtngnt3cpUXyiKyguaTjEKQPQcmd5pump,6.533485632550089e-06,6.533485632550089e-06,6.533485632550089e-06,6.533485632550089e-06,1H,1760252400,0.0,usd,2025-10-12,1H
2qgURia1oejhtngnt3cpUXyiKyguaTjEKQPQcmd5pump,6.533485632550089e-06,6.533485632550089e-06,6.533485632550089e-06,6.533485632550089e-06,1H,1760256000,0.0,usd,2025-10-12,1H
2qgURia1oejhtngnt3cpUXyiKyguaTjEKQPQcmd5pump,6.533485632550089e-06,6.533485632550089e-06,6.533485632550089e-06,6.533485632550089e-06,1H,1760259600,0.0,usd,2025-10-12,1H
2qgURia1oejhtngnt3cpUXyiKyguaTjEKQPQcmd5pump,6.533485632550089e-06,6.533485632550089e-06,6.533485632550089e-06,6.533485632550089e-06,1H,1760263200,0.0,usd,2025-10-12,1H
2qgURia1oejhtngnt3cpUXyiKyguaTjEKQPQcmd5pump,6.533485632550089e-06,6.533485632550089e-06,6.533485632550089e-06,6.533485632550089e-06,1H,1760266800,0.0,usd,2025-10-12,1H
2qgURia1oejhtngnt3cpUXyiKyguaTjEKQPQcmd5pump,6.533485632550089e-06,6.533485632550089e-06,6.533485632550089e-06,6.533485632550089e-06,1H,1760270400,0.0,usd,2025-10-12,1H
2qgURia1oejhtngnt3cpUXyiKyguaTjEKQPQcmd5pump,6.533485632550089e-06,6.533485632550089e-06,6.533485632550089e-06,6.533485632550089e-06,1H,1760274000,0.0,usd,2025-10-12,1H
2qgURia1oejhtngnt3cpUXyiKyguaTjEKQPQcmd5pump,6.533485632550089e-06,6.533485632550089e-06,6.533485632550089e-06,6.533485632550089e-06,1H,1760277600,0.0,usd,2025-10-12,1H
2qgURia1oejhtngnt3cpUXyiKyguaTjEKQPQcmd5pump,6.533485632550089e-06,6.533485632550089e-06,6.533485632550089e-06,6.533485632550089e-06,1H,1760281200,0.0,usd,2025-10-12,1H
2qgURia1oejhtngnt3cpUXyiKyguaTjEKQPQcmd5pump,6.533485632550089e-06,6.533485632550089e-06,6.533485632550089e-06,6.533485632550089e-06,1H,1760284800,0.0,usd,2025-10-12,1H
2qgURia1oejhtngnt3cpUXyiKyguaTjEKQPQcmd5pump,6.533485632550089e-06,6.533485632550089e-06,6.533485632550089e-06,6.533485632550089e-06,1H,1760288400,0.0,usd,2025-10-12,1H
2qgURia1oejhtngnt3cpUXyiKyguaTjEKQPQcmd5pump,6.533485632550089e-06,6.533485632550089e-06,6.533485632550089e-06,6.533485632550089e-06,1H,1760292000,0.0,usd,2025-10-12,1H
2qgURia1oejhtngnt3cpUXyiKyguaTjEKQPQcmd5pump,6.533485632550089e-06,6.533485632550089e-06,6.533485632550089e-06,6.533485632550089e-06,1H,1760295600,0.0,usd,2025-10-12,1H
2qgURia1oejhtngnt3cpUXyiKyguaTjEKQPQcmd5pump,6.533485632550089e-06,6.533485632550089e-06,6.533485632550089e-06,6.533485632550089e-06,1H,1760299200,0.0,usd,2025-10-12,1H
2qgURia1oejhtngnt3cpUXyiKyguaTjEKQPQcmd5pump,6.533485632550089e-06,6.533485632550089e-06,6.533485632550089e-06,6.533485632550089e-06,1H,1760302800,0.0,usd,2025-10-12,1H
2qgURia1oejhtngnt3cpUXyiKyguaTjEKQPQcmd5pump,6.533485632550089e-06,6.533485632550089e-06,6.533485632550089e-06,6.533485632550089e-06,1H,1760306400,0.0,usd,2025-10-12,1H
2qgURia1oejhtngnt3cpUXyiKyguaTjEKQPQcmd5pump,6.533485632550089e-06,6.533485632550089e-06,6.533485632550089e-06,6.533485632550089e-06,1H,1760310000,0.0,usd,2025-10-12,1H
2qgURia1oejhtngnt3cpUXyiKyguaTjEKQPQcmd5pump,6.533485632550089e-06,6.533485632550089e-06,6.533485632550089e-06,6.533485632550089e-06,1H,1760313600,0.0,usd,2025-10-13,1H
2qgURia1oejhtngnt3cpUXyiKyguaTjEKQPQcmd5pump,6.533485632550089e-06,6.533485632550089e-06,6.533485632550089e-06,6.533485632550089e-06,1H,1760317200,0.0,usd,2025-10-13,1H
2qgURia1oejhtngnt3cpUXyiKyguaTjEKQPQcmd5pump,6.533485632550089e-06,6.533485632550089e-06,6.533485632550089e-06,6.533485632550089e-06,1H,1760320800,0.0,usd,2025-10-13,1H
2qgURia1oejhtngnt3cpUXyiKyguaTjEKQPQcmd5pump,6.533485632550089e-06,6.533485632550089e-06,6.533485632550089e-06,6.533485632550089e-06,1H,1760324400,0.0,usd,2025-10-13,1H
2qgURia1oejhtngnt3cpUXyiKyguaTjEKQPQcmd5pump,6.533485632550089e-06,6.533485632550089e-06,6.533485632550089e-06,6.533485632550089e-06,1H,1760328000,0.0,usd,2025-10-13,1H
2qgURia1oejhtngnt3cpUXyiKyguaTjEKQPQcmd5pump,6.533485632550089e-06,6.533485632550089e-06,6.533485632550089e-06,6.533485632550089e-06,1H,1760331600,0.0,usd,2025-10-13,1H
2qgURia1oejhtngnt3cpUXyiKyguaTjEKQPQcmd5pump,6.533485632550089e-06,6.533485632550089e-06,6.533485632550089e-06,6.533485632550089e-06,1H,1760335200,0.0,usd,2025-10-13,1H
2qgURia1oejhtngnt3cpUXyiKyguaTjEKQPQcmd5pump,6.533485632550089e-06,6.533485632550089e-06,6.533485632550089e-06,6.533485632550089e-06,1H,1760338800,0.0,usd,2025-10-13,1H
2qgURia1oejhtngnt3cpUXyiKyguaTjEKQPQcmd5pump,6.533485632550089e-06,6.533485632550089e-06,6.533485632550089e-06,6.533485632550089e-06,1H,1760342400,0.0,usd,2025-10-13,1H
2qgURia1oejhtngnt3cpUXyiKyguaTjEKQPQcmd5pump,6.533485632550089e-06,6.533485632550089e-06,6.533485632550089e-06,6.533485632550089e-06,1H,1760346000,0.0,usd,2025-10-13,1H
2qgURia1oejhtngnt3cpUXyiKyguaTjEKQPQcmd5pump,6.533485632550089e-06,6.533485632550089e-06,6.533485632550089e-06,6.533485632550089e-06,1H,1760349600,0.0,usd,2025-10-13,1H
2qgURia1oejhtngnt3cpUXyiKyguaTjEKQPQcmd5pump,6.533485632550089e-06,6.533485632550089e-06,6.533485632550089e-06,6.533485632550089e-06,1H,1760353200,0.0,usd,2025-10-13,1H
2qgURia1oejhtngnt3cpUXyiKyguaTjEKQPQcmd5pump,6.533485632550089e-06,6.533485632550089e-06,6.533485632550089e-06,6.533485632550089e-06,1H,1760356800,0.0,usd,2025-10-13,1H
2qgURia1oejhtngnt3cpUXyiKyguaTjEKQPQcmd5pump,6.533485632550089e-06,6.533485632550089e-06,6.533485632550089e-06,6.533485632550089e-06,1H,1760360400,0.0,usd,2025-10-13,1H
2qgURia1oejhtngnt3cpUXyiKyguaTjEKQPQcmd5pump,6.533485632550089e-06,6.533485632550089e-06,6.533485632550089e-06,6.533485632550089e-06,1H,1760364000,0.0,usd,2025-10-13,1H
2qgURia1oejhtngnt3cpUXyiKyguaTjEKQPQcmd5pump,6.533485632550089e-06,6.533485632550089e-06,6.533485632550089e-06,6.533485632550089e-06,1H,1760367600,0.0,usd,2025-10-13,1H
2qgURia1oejhtngnt3cpUXyiKyguaTjEKQPQcmd5pump,6.533485632550089e-06,6.533485632550089e-06,6.533485632550089e-06,6.533485632550089e-06,1H,1760371200,0.0,usd,2025-10-13,1H
2qgURia1oejhtngnt3cpUXyiKyguaTjEKQPQcmd5pump,6.533485632550089e-06,6.533485632550089e-06,6.533485632550089e-06,6.533485632550089e-06,1H,1760374800,0.0,usd,2025-10-13,1H
2qgURia1oejhtngnt3cpUXyiKyguaTjEKQPQcmd5pump,6.533485632550089e-06,6.533485632550089e-06,6.533485632550089e-06,6.533485632550089e-06,1H,1760378400,0.0,usd,2025-10-13,1H
2qgURia1oejhtngnt3cpUXyiKyguaTjEKQPQcmd5pump,6.533485632550089e-06,6.533485632550089e-06,6.533485632550089e-06,6.533485632550089e-06,1H,1760382000,0.0,usd,2025-10-13,1H
2qgURia1oejhtngnt3cpUXyiKyguaTjEKQPQcmd5pump,6.533485632550089e-06,6.533485632550089e-06,6.533485632550089e-06,6.533485632550089e-06,1H,1760385600,0.0,usd,2025-10-13,1H
2qgURia1oejhtngnt3cpUXyiKyguaTjEKQPQcmd5pump,6.533485632550089e-06,6.533485632550089e-06,6.533485632550089e-06,6.533485632550089e-06,1H,1760389200,0.0,usd,2025-10-13,1H
2qgURia1oejhtngnt3cpUXyiKyguaTjEKQPQcmd5pump,6.533485632550089e-06,6.533485632550089e-06,6.533485632550089e-06,6.533485632550089e-06,1H,1760392800,0.0,usd,2025-10-13,1H
2qgURia1oejhtngnt3cpUXyiKyguaTjEKQPQcmd5pump,6.533485632550089e-06,6.533485632550089e-06,6.533485632550089e-06,6.533485632550089e-06,1H,1760396400,0.0,usd,2025-10-13,1H
2qgURia1oejhtngnt3cpUXyiKyguaTjEKQPQcmd5pump,6.533485632550089e-06,6.533485632550089e-06,6.533485632550089e-06,6.533485632550089e-06,1H,1760400000,0.0,usd,2025-10-14,1H
2qgURia1oejhtngnt3cpUXyiKyguaTjEKQPQcmd5pump,6.533485632550089e-06,6.533485632550089e-06,6.533485632550089e-06,6.533485632550089e-06,1H,1760403600,0.0,usd,2025-10-14,1H
2qgURia1oejhtngnt3cpUXyiKyguaTjEKQPQcmd5pump,6.533485632550089e-06,6.533485632550089e-06,6.533485632550089e-06,6.533485632550089e-06,1H,1760407200,0.0,usd,2025-10-14,1H
2qgURia1oejhtngnt3cpUXyiKyguaTjEKQPQcmd5pump,6.533485632550089e-06,6.533485632550089e-06,6.533485632550089e-06,6.533485632550089e-06,1H,1760410800,0.0,usd,2025-10-14,1H
2qgURia1oejhtngnt3cpUXyiKyguaTjEKQPQcmd5pump,6.533485632550089e-06,6.533485632550089e-06,6.533485632550089e-06,6.533485632550089e-06,1H,1760414400,0.0,usd,2025-10-14,1H
2qgURia1oejhtngnt3cpUXyiKyguaTjEKQPQcmd5pump,6.533485632550089e-06,6.533485632550089e-06,6.533485632550089e-06,6.533485632550089e-06,1H,1760418000,0.0,usd,2025-10-14,1H
2qgURia1oejhtngnt3cpUXyiKyguaTjEKQPQcmd5pump,6.533485632550089e-06,6.533485632550089e-06,6.533485632550089e-06,6.533485632550089e-06,1H,1760421600,0.0,usd,2025-10-14,1H
2qgURia1oejhtngnt3cpUXyiKyguaTjEKQPQcmd5pump,6.533485632550089e-06,6.533485632550089e-06,6.533485632550089e-06,6.533485632550089e-06,1H,1760425200,0.0,usd,2025-10-14,1H
2qgURia1oejhtngnt3cpUXyiKyguaTjEKQPQcmd5pump,6.533485632550089e-06,6.533485632550089e-06,6.533485632550089e-06,6.533485632550089e-06,1H,1760428800,0.0,usd,2025-10-14,1H
2qgURia1oejhtngnt3cpUXyiKyguaTjEKQPQcmd5pump,6.533485632550089e-06,6.533485632550089e-06,6.533485632550089e-06,6.533485632550089e-06,1H,1760432400,0.0,usd,2025-10-14,1H
2qgURia1oejhtngnt3cpUXyiKyguaTjEKQPQcmd5pump,6.533485632550089e-06,6.533485632550089e-06,6.533485632550089e-06,6.533485632550089e-06,1H,1760436000,0.0,usd,2025-10-14,1H
2qgURia1oejhtngnt3cpUXyiKyguaTjEKQPQcmd5pump,6.533485632550089e-06,6.533485632550089e-06,6.533485632550089e-06,6.533485632550089e-06,1H,1760439600,0.0,usd,2025-10-14,1H
2qgURia1oejhtngnt3cpUXyiKyguaTjEKQPQcmd5pump,6.533485632550089e-06,6.533485632550089e-06,6.533485632550089e-06,6.533485632550089e-06,1H,1760443200,0.0,usd,2025-10-14,1H
2qgURia1oejhtngnt3cpUXyiKyguaTjEKQPQcmd5pump,6.533485632550089e-06,6.533485632550089e-06,6.533485632550089e-06,6.533485632550089e-06,1H,1760446800,0.0,usd,2025-10-14,1H
2qgURia1oejhtngnt3cpUXyiKyguaTjEKQPQcmd5pump,6.533485632550089e-06,6.533485632550089e-06,6.533485632550089e-06,6.533485632550089e-06,1H,1760450400,0.0,usd,2025-10-14,1H
2qgURia1oejhtngnt3cpUXyiKyguaTjEKQPQcmd5pump,6.533485632550089e-06,6.533485632550089e-06,6.533485632550089e-06,6.533485632550089e-06,1H,1760454000,0.0,usd,2025-10-14,1H
2qgURia1oejhtngnt3cpUXyiKyguaTjEKQPQcmd5pump,6.533485632550089e-06,6.533485632550089e-06,6.533485632550089e-06,6.533485632550089e-06,1H,1760457600,0.0,usd,2025-10-14,1H
2qgURia1oejhtngnt3cpUXyiKyguaTjEKQPQcmd5pump,6.533485632550089e-06,6.533485632550089e-06,6.533485632550089e-06,6.533485632550089e-06,1H,1760461200,0.0,usd,2025-10-14,1H
2qgURia1oejhtngnt3cpUXyiKyguaTjEKQPQcmd5pump,6.533485632550089e-06,6.533485632550089e-06,6.533485632550089e-06,6.533485632550089e-06,1H,1760464800,0.0,usd,2025-10-14,1H
2qgURia1oejhtngnt3cpUXyiKyguaTjEKQPQcmd5pump,6.533485632550089e-06,6.533485632550089e-06,6.533485632550089e-06,6.533485632550089e-06,1H,1760468400,0.0,usd,2025-10-14,1H
2qgURia1oejhtngnt3cpUXyiKyguaTjEKQPQcmd5pump,6.533485632550089e-06,6.533485632550089e-06,6.533485632550089e-06,6.533485632550089e-06,1H,1760472000,0.0,usd,2025-10-14,1H
2qgURia1oejhtngnt3cpUXyiKyguaTjEKQPQcmd5pump,6.533485632550089e-06,6.533485632550089e-06,6.533485632550089e-06,6.533485632550089e-06,1H,1760475600,0.0,usd,2025-10-14,1H
2qgURia1oejhtngnt3cpUXyiKyguaTjEKQPQcmd5pump,6.533485632550089e-06,6.533485632550089e-06,6.533485632550089e-06,6.533485632550089e-06,1H,1760479200,0.0,usd,2025-10-14,1H
2qgURia1oejhtngnt3cpUXyiKyguaTjEKQPQcmd5pump,6.533485632550089e-06,6.533485632550089e-06,6.533485632550089e-06,6.533485632550089e-06,1H,1760482800,0.0,usd,2025-10-14,1H
2qgURia1oejhtngnt3cpUXyiKyguaTjEKQPQcmd5pump,6.533485632550089e-06,6.533485632550089e-06,6.533485632550089e-06,6.533485632550089e-06,12H,1760486400,0.0,usd,2025-10-15,12H
2qgURia1oejhtngnt3cpUXyiKyguaTjEKQPQcmd5pump,6.533485632550089e-06,6.533485632550089e-06,6.533485632550089e-06,6.533485632550089e-06,12H,1760529600,0.0,usd,2025-10-15,12H
2qgURia1oejhtngnt3cpUXyiKyguaTjEKQPQcmd5pump,6.533485632550089e-06,6.533485632550089e-06,6.533485632550089e-06,6.533485632550089e-06,12H,1760572800,0.0,usd,2025-10-16,12H
2qgURia1oejhtngnt3cpUXyiKyguaTjEKQPQcmd5pump,6.533485632550089e-06,6.533485632550089e-06,6.533485632550089e-06,6.533485632550089e-06,12H,1760616000,0.0,usd,2025-10-16,12H
2qgURia1oejhtngnt3cpUXyiKyguaTjEKQPQcmd5pump,6.533485632550089e-06,6.533485632550089e-06,6.533485632550089e-06,6.533485632550089e-06,12H,1760659200,0.0,usd,2025-10-17,12H
2qgURia1oejhtngnt3cpUXyiKyguaTjEKQPQcmd5pump,6.533485632550089e-06,6.533485632550089e-06,6.533485632550089e-06,6.533485632550089e-06,12H,1760702400,0.0,usd,2025-10-17,12H
2qgURia1oejhtngnt3cpUXyiKyguaTjEKQPQcmd5pump,6.533485632550089e-06,6.533485632550089e-06,6.533485632550089e-06,6.533485632550089e-06,12H,1760745600,0.0,usd,2025-10-18,12H
2qgURia1oejhtngnt3cpUXyiKyguaTjEKQPQcmd5pump,6.533485632550089e-06,6.533485632550089e-06,6.533485632550089e-06,6.533485632550089e-06,12H,1760788800,0.0,usd,2025-10-18,12H
2qgURia1oejhtngnt3cpUXyiKyguaTjEKQPQcmd5pump,6.533485632550089e-06,6.533485632550089e-06,6.533485632550089e-06,6.533485632550089e-06,12H,1760832000,0.0,usd,2025-10-19,12H
2qgURia1oejhtngnt3cpUXyiKyguaTjEKQPQcmd5pump,6.533485632550089e-06,6.533485632550089e-06,6.533485632550089e-06,6.533485632550089e-06,12H,1760875200,0.0,usd,2025-10-19,12H
2qgURia1oejhtngnt3cpUXyiKyguaTjEKQPQcmd5pump,6.533485632550089e-06,6.533485632550089e-06,6.533485632550089e-06,6.533485632550089e-06,12H,1760918400,0.0,usd,2025-10-20,12H
2qgURia1oejhtngnt3cpUXyiKyguaTjEKQPQcmd5pump,6.533485632550089e-06,6.533485632550089e-06,6.533485632550089e-06,6.533485632550089e-06,12H,1760961600,0.0,usd,2025-10-20,12H
2qgURia1oejhtngnt3cpUXyiKyguaTjEKQPQcmd5pump,6.533485632550089e-06,6.533485632550089e-06,6.533485632550089e-06,6.533485632550089e-06,12H,1761004800,0.0,usd,2025-10-21,12H
2qgURia1oejhtngnt3cpUXyiKyguaTjEKQPQcmd5pump,6.533485632550089e-06,6.533485632550089e-06,6.533485632550089e-06,6.533485632550089e-06,12H,1761048000,0.0,usd,2025-10-21,12H
2qgURia1oejhtngnt3cpUXyiKyguaTjEKQPQcmd5pump,6.533485632550089e-06,6.533485632550089e-06,6.533485632550089e-06,6.533485632550089e-06,12H,1761091200,0.0,usd,2025-10-22,12H
2qgURia1oejhtngnt3cpUXyiKyguaTjEKQPQcmd5pump,6.533485632550089e-06,6.533485632550089e-06,6.533485632550089e-06,6.533485632550089e-06,12H,1761134400,0.0,usd,2025-10-22,12H
2qgURia1oejhtngnt3cpUXyiKyguaTjEKQPQcmd5pump,6.533485632550089e-06,6.533485632550089e-06,6.533485632550089e-06,6.533485632550089e-06,12H,1761177600,0.0,usd,2025-10-23,12H
2qgURia1oejhtngnt3cpUXyiKyguaTjEKQPQcmd5pump,6.533485632550089e-06,6.533485632550089e-06,6.533485632550089e-06,6.533485632550089e-06,12H,1761220800,0.0,usd,2025-10-23,12H
2qgURia1oejhtngnt3cpUXyiKyguaTjEKQPQcmd5pump,6.533485632550089e-06,6.533485632550089e-06,6.533485632550089e-06,6.533485632550089e-06,12H,1761264000,0.0,usd,2025-10-24,12H
2qgURia1oejhtngnt3cpUXyiKyguaTjEKQPQcmd5pump,6.533485632550089e-06,6.533485632550089e-06,6.533485632550089e-06,6.533485632550089e-06,12H,1761307200,0.0,usd,2025-10-24,12H
2qgURia1oejhtngnt3cpUXyiKyguaTjEKQPQcmd5pump,6.533485632550089e-06,6.533485632550089e-06,6.533485632550089e-06,6.533485632550089e-06,12H,1761350400,0.0,usd,2025-10-25,12H
2qgURia1oejhtngnt3cpUXyiKyguaTjEKQPQcmd5pump,6.533485632550089e-06,6.533485632550089e-06,6.533485632550089e-06,6.533485632550089e-06,12H,1761393600,0.0,usd,2025-10-25,12H
2qgURia1oejhtngnt3cpUXyiKyguaTjEKQPQcmd5pump,6.533485632550089e-06,6.533485632550089e-06,6.533485632550089e-06,6.533485632550089e-06,12H,1761436800,0.0,usd,2025-10-26,12H
2qgURia1oejhtngnt3cpUXyiKyguaTjEKQPQcmd5pump,6.533485632550089e-06,6.533485632550089e-06,6.533485632550089e-06,6.533485632550089e-06,12H,1761480000,0.0,usd,2025-10-26,12H
2qgURia1oejhtngnt3cpUXyiKyguaTjEKQPQcmd5pump,6.533485632550089e-06,6.533485632550089e-06,6.533485632550089e-06,6.533485632550089e-06,12H,1761523200,0.0,usd,2025-10-27,12H
2qgURia1oejhtngnt3cpUXyiKyguaTjEKQPQcmd5pump,6.533485632550089e-06,6.533485632550089e-06,6.533485632550089e-06,6.533485632550089e-06,12H,1761566400,0.0,usd,2025-10-27,12H
2qgURia1oejhtngnt3cpUXyiKyguaTjEKQPQcmd5pump,6.533485632550089e-06,6.533485632550089e-06,6.533485632550089e-06,6.533485632550089e-06,12H,1761609600,0.0,usd,2025-10-28,12H
2qgURia1oejhtngnt3cpUXyiKyguaTjEKQPQcmd5pump,6.533485632550089e-06,6.533485632550089e-06,6.533485632550089e-06,6.533485632550089e-06,12H,1761652800,0.0,usd,2025-10-28,12H
2qgURia1oejhtngnt3cpUXyiKyguaTjEKQPQcmd5pump,6.533485632550089e-06,6.533485632550089e-06,6.533485632550089e-06,6.533485632550089e-06,12H,1761696000,0.0,usd,2025-10-29,12H
2qgURia1oejhtngnt3cpUXyiKyguaTjEKQPQcmd5pump,6.533485632550089e-06,6.533485632550089e-06,6.533485632550089e-06,6.533485632550089e-06,12H,1761739200,0.0,usd,2025-10-29,12H
2qgURia1oejhtngnt3cpUXyiKyguaTjEKQPQcmd5pump,6.533485632550089e-06,6.533485632550089e-06,6.533485632550089e-06,6.533485632550089e-06,12H,1761782400,0.0,usd,2025-10-30,12H
2qgURia1oejhtngnt3cpUXyiKyguaTjEKQPQcmd5pump,6.533485632550089e-06,6.533485632550089e-06,6.533485632550089e-06,6.533485632550089e-06,12H,1761825600,0.0,usd,2025-10-30,12H
2qgURia1oejhtngnt3cpUXyiKyguaTjEKQPQcmd5pump,6.533485632550089e-06,6.533485632550089e-06,6.533485632550089e-06,6.533485632550089e-06,12H,1761868800,0.0,usd,2025-10-31,12H
2qgURia1oejhtngnt3cpUXyiKyguaTjEKQPQcmd5pump,6.533485632550089e-06,6.533485632550089e-06,6.533485632550089e-06,6.533485632550089e-06,12H,1761912000,0.0,usd,2025-10-31,12H
2qgURia1oejhtngnt3cpUXyiKyguaTjEKQPQcmd5pump,6.533485632550089e-06,6.533485632550089e-06,6.533485632550089e-06,6.533485632550089e-06,12H,1761955200,0.0,usd,2025-11-01,12H
2qgURia1oejhtngnt3cpUXyiKyguaTjEKQPQcmd5pump,6.533485632550089e-06,6.533485632550089e-06,6.533485632550089e-06,6.533485632550089e-06,12H,1761998400,0.0,usd,2025-11-01,12H
2qgURia1oejhtngnt3cpUXyiKyguaTjEKQPQcmd5pump,6.533485632550089e-06,6.533485632550089e-06,6.533485632550089e-06,6.533485632550089e-06,12H,1762041600,0.0,usd,2025-11-02,12H
2qgURia1oejhtngnt3cpUXyiKyguaTjEKQPQcmd5pump,6.533485632550089e-06,6.533485632550089e-06,6.533485632550089e-06,6.533485632550089e-06,12H,1762084800,0.0,usd,2025-11-02,12H
2qgURia1oejhtngnt3cpUXyiKyguaTjEKQPQcmd5pump,6.533485632550089e-06,6.533485632550089e-06,6.533485632550089e-06,6.533485632550089e-06,12H,1762128000,0.0,usd,2025-11-03,12H
2qgURia1oejhtngnt3cpUXyiKyguaTjEKQPQcmd5pump,6.533485632550089e-06,6.533485632550089e-06,6.533485632550089e-06,6.533485632550089e-06,12H,1762171200,0.0,usd,2025-11-03,12H
2qgURia1oejhtngnt3cpUXyiKyguaTjEKQPQcmd5pump,6.533485632550089e-06,6.533485632550089e-06,6.533485632550089e-06,6.533485632550089e-06,12H,1762214400,0.0,usd,2025-11-04,12H
2qgURia1oejhtngnt3cpUXyiKyguaTjEKQPQcmd5pump,6.533485632550089e-06,6.533485632550089e-06,6.533485632550089e-06,6.533485632550089e-06,12H,1762257600,0.0,usd,2025-11-04,12H
2qgURia1oejhtngnt3cpUXyiKyguaTjEKQPQcmd5pump,6.533485632550089e-06,6.533485632550089e-06,6.533485632550089e-06,6.533485632550089e-06,12H,1762300800,0.0,usd,2025-11-05,12H
2qgURia1oejhtngnt3cpUXyiKyguaTjEKQPQcmd5pump,6.533485632550089e-06,6.533485632550089e-06,6.533485632550089e-06,6.533485632550089e-06,12H,1762344000,0.0,usd,2025-11-05,12H
2qgURia1oejhtngnt3cpUXyiKyguaTjEKQPQcmd5pump,6.533485632550089e-06,6.533485632550089e-06,6.533485632550089e-06,6.533485632550089e-06,12H,1762387200,0.0,usd,2025-11-06,12H
2qgURia1oejhtngnt3cpUXyiKyguaTjEKQPQcmd5pump,6.533485632550089e-06,6.533485632550089e-06,6.533485632550089e-06,6.533485632550089e-06,12H,1762430400,0.0,usd,2025-11-06,12H
2qgURia1oejhtngnt3cpUXyiKyguaTjEKQPQcmd5pump,6.533485632550089e-06,6.533485632550089e-06,6.533485632550089e-06,6.533485632550089e-06,12H,1762473600,0.0,usd,2025-11-07,12H
2qgURia1oejhtngnt3cpUXyiKyguaTjEKQPQcmd5pump,6.533485632550089e-06,6.533485632550089e-06,6.533485632550089e-06,6.533485632550089e-06,12H,1762516800,0.0,usd,2025-11-07,12H
2qgURia1oejhtngnt3cpUXyiKyguaTjEKQPQcmd5pump,6.533485632550089e-06,6.533485632550089e-06,6.533485632550089e-06,6.533485632550089e-06,12H,1762560000,0.0,usd,2025-11-08,12H
2qgURia1oejhtngnt3cpUXyiKyguaTjEKQPQcmd5pump,6.533485632550089e-06,6.533485632550089e-06,6.533485632550089e-06,6.533485632550089e-06,12H,1762603200,0.0,usd,2025-11-08,12H
2qgURia1oejhtngnt3cpUXyiKyguaTjEKQPQcmd5pump,6.533485632550089e-06,6.533485632550089e-06,6.533485632550089e-06,6.533485632550089e-06,12H,1762646400,0.0,usd,2025-11-09,12H
2qgURia1oejhtngnt3cpUXyiKyguaTjEKQPQcmd5pump,6.533485632550089e-06,6.533485632550089e-06,6.533485632550089e-06,6.533485632550089e-06,12H,1762689600,0.0,usd,2025-11-09,12H
2qgURia1oejhtngnt3cpUXyiKyguaTjEKQPQcmd5pump,6.533485632550089e-06,6.533485632550089e-06,6.533485632550089e-06,6.533485632550089e-06,12H,1762732800,0.0,usd,2025-11-10,12H
2qgURia1oejhtngnt3cpUXyiKyguaTjEKQPQcmd5pump,6.533485632550089e-06,6.533485632550089e-06,6.533485632550089e-06,6.533485632550089e-06,12H,1762776000,0.0,usd,2025-11-10,12H
2qgURia1oejhtngnt3cpUXyiKyguaTjEKQPQcmd5pump,6.533485632550089e-06,6.533485632550089e-06,6.533485632550089e-06,6.533485632550089e-06,12H,1762819200,0.0,usd,2025-11-11,12H
2qgURia1oejhtngnt3cpUXyiKyguaTjEKQPQcmd5pump,6.533485632550089e-06,6.533485632550089e-06,6.533485632550089e-06,6.533485632550089e-06,12H,1762862400,0.0,usd,2025-11-11,12H
2qgURia1oejhtngnt3cpUXyiKyguaTjEKQPQcmd5pump,6.533485632550089e-06,6.533485632550089e-06,6.533485632550089e-06,6.533485632550089e-06,12H,1762905600,0.0,usd,2025-11-12,12H
2qgURia1oejhtngnt3cpUXyiKyguaTjEKQPQcmd5pump,6.533485632550089e-06,6.533485632550089e-06,6.533485632550089e-06,6.533485632550089e-06,12H,1762948800,0.0,usd,2025-11-12,12H
2qgURia1oejhtngnt3cpUXyiKyguaTjEKQPQcmd5pump,6.533485632550089e-06,6.533485632550089e-06,6.533485632550089e-06,6.533485632550089e-06,12H,1762992000,0.0,usd,2025-11-13,12H
2qgURia1oejhtngnt3cpUXyiKyguaTjEKQPQcmd5pump,6.533485632550089e-06,6.533485632550089e-06,6.533485632550089e-06,6.533485632550089e-06,12H,1763035200,0.0,usd,2025-11-13,12H
2qgURia1oejhtngnt3cpUXyiKyguaTjEKQPQcmd5pump,6.533485632550089e-06,6.533485632550089e-06,6.533485632550089e-06,6.533485632550089e-06,12H,1763078400,0.0,usd,2025-11-14,12H
2qgURia1oejhtngnt3cpUXyiKyguaTjEKQPQcmd5pump,6.533485632550089e-06,6.533485632550089e-06,6.533485632550089e-06,6.533485632550089e-06,12H,1763121600,0.0,usd,2025-11-14,12H
2qgURia1oejhtngnt3cpUXyiKyguaTjEKQPQcmd5pump,6.533485632550089e-06,6.533485632550089e-06,6.533485632550089e-06,6.533485632550089e-06,12H,1763164800,0.0,usd,2025-11-15,12H
2qgURia1oejhtngnt3cpUXyiKyguaTjEKQPQcmd5pump,6.533485632550089e-06,6.533485632550089e-06,6.533485632550089e-06,6.533485632550089e-06,12H,1763208000,0.0,usd,2025-11-15,12H
2qgURia1oejhtngnt3cpUXyiKyguaTjEKQPQcmd5pump,6.533485632550089e-06,6.533485632550089e-06,6.533485632550089e-06,6.533485632550089e-06,12H,1763251200,0.0,usd,2025-11-16,12H
2qgURia1oejhtngnt3cpUXyiKyguaTjEKQPQcmd5pump,6.533485632550089e-06,6.533485632550089e-06,6.533485632550089e-06,6.533485632550089e-06,12H,1763294400,0.0,usd,2025-11-16,12H
2qgURia1oejhtngnt3cpUXyiKyguaTjEKQPQcmd5pump,6.533485632550089e-06,6.533485632550089e-06,6.533485632550089e-06,6.533485632550089e-06,12H,1763337600,0.0,usd,2025-11-17,12H
2qgURia1oejhtngnt3cpUXyiKyguaTjEKQPQcmd5pump,6.533485632550089e-06,6.533485632550089e-06,6.533485632550089e-06,6.533485632550089e-06,12H,1763380800,0.0,usd,2025-11-17,12H
2qgURia1oejhtngnt3cpUXyiKyguaTjEKQPQcmd5pump,6.533485632550089e-06,6.533485632550089e-06,6.533485632550089e-06,6.533485632550089e-06,12H,1763424000,0.0,usd,2025-11-18,12H
2qgURia1oejhtngnt3cpUXyiKyguaTjEKQPQcmd5pump,6.533485632550089e-06,6.533485632550089e-06,6.533485632550089e-06,6.533485632550089e-06,12H,1763467200,0.0,usd,2025-11-18,12H
2qgURia1oejhtngnt3cpUXyiKyguaTjEKQPQcmd5pump,6.533485632550089e-06,6.533485632550089e-06,6.533485632550089e-06,6.533485632550089e-06,12H,1763510400,0.0,usd,2025-11-19,12H
2qgURia1oejhtngnt3cpUXyiKyguaTjEKQPQcmd5pump,6.533485632550089e-06,6.533485632550089e-06,6.533485632550089e-06,6.533485632550089e-06,12H,1763553600,0.0,usd,2025-11-19,12H
2qgURia1oejhtngnt3cpUXyiKyguaTjEKQPQcmd5pump,6.533485632550089e-06,6.533485632550089e-06,6.533485632550089e-06,6.533485632550089e-06,12H,1763596800,0.0,usd,2025-11-20,12H
2qgURia1oejhtngnt3cpUXyiKyguaTjEKQPQcmd5pump,6.533485632550089e-06,6.533485632550089e-06,6.533485632550089e-06,6.533485632550089e-06,12H,1763640000,0.0,usd,2025-11-20,12H
2qgURia1oejhtngnt3cpUXyiKyguaTjEKQPQcmd5pump,6.533485632550089e-06,6.533485632550089e-06,6.533485632550089e-06,6.533485632550089e-06,12H,1763683200,0.0,usd,2025-11-21,12H
2qgURia1oejhtngnt3cpUXyiKyguaTjEKQPQcmd5pump,6.533485632550089e-06,6.533485632550089e-06,6.533485632550089e-06,6.533485632550089e-06,12H,1763726400,0.0,usd,2025-11-21,12H
2qgURia1oejhtngnt3cpUXyiKyguaTjEKQPQcmd5pump,6.533485632550089e-06,6.533485632550089e-06,6.533485632550089e-06,6.533485632550089e-06,12H,1763769600,0.0,usd,2025-11-22,12H
2qgURia1oejhtngnt3cpUXyiKyguaTjEKQPQcmd5pump,6.533485632550089e-06,6.533485632550089e-06,6.533485632550089e-06,6.533485632550089e-06,12H,1763812800,0.0,usd,2025-11-22,12H
2qgURia1oejhtngnt3cpUXyiKyguaTjEKQPQcmd5pump,6.533485632550089e-06,6.533485632550089e-06,6.533485632550089e-06,6.533485632550089e-06,12H,1763856000,0.0,usd,2025-11-23,12H
2qgURia1oejhtngnt3cpUXyiKyguaTjEKQPQcmd5pump,6.533485632550089e-06,6.533485632550089e-06,6.533485632550089e-06,6.533485632550089e-06,12H,1763899200,0.0,usd,2025-11-23,12H
2qgURia1oejhtngnt3cpUXyiKyguaTjEKQPQcmd5pump,6.533485632550089e-06,6.533485632550089e-06,6.533485632550089e-06,6.533485632550089e-06,12H,1763942400,0.0,usd,2025-11-24,12H
2qgURia1oejhtngnt3cpUXyiKyguaTjEKQPQcmd5pump,6.533485632550089e-06,6.533485632550089e-06,6.533485632550089e-06,6.533485632550089e-06,12H,1763985600,0.0,usd,2025-11-24,12H
2qgURia1oejhtngnt3cpUXyiKyguaTjEKQPQcmd5pump,6.533485632550089e-06,6.533485632550089e-06,6.533485632550089e-06,6.533485632550089e-06,12H,1764028800,0.0,usd,2025-11-25,12H
2qgURia1oejhtngnt3cpUXyiKyguaTjEKQPQcmd5pump,6.533485632550089e-06,6.533485632550089e-06,6.533485632550089e-06,6.533485632550089e-06,12H,1764072000,0.0,usd,2025-11-25,12H
2qgURia1oejhtngnt3cpUXyiKyguaTjEKQPQcmd5pump,6.533485632550089e-06,6.533485632550089e-06,6.533485632550089e-06,6.533485632550089e-06,12H,1764115200,0.0,usd,2025-11-26,12H
2qgURia1oejhtngnt3cpUXyiKyguaTjEKQPQcmd5pump,6.533485632550089e-06,6.533485632550089e-06,6.533485632550089e-06,6.533485632550089e-06,12H,1764158400,0.0,usd,2025-11-26,12H
2qgURia1oejhtngnt3cpUXyiKyguaTjEKQPQcmd5pump,6.533485632550089e-06,6.533485632550089e-06,6.533485632550089e-06,6.533485632550089e-06,12H,1764201600,0.0,usd,2025-11-27,12H
2qgURia1oejhtngnt3cpUXyiKyguaTjEKQPQcmd5pump,6.533485632550089e-06,6.533485632550089e-06,6.533485632550089e-06,6.533485632550089e-06,12H,1764244800,0.0,usd,2025-11-27,12H
2qgURia1oejhtngnt3cpUXyiKyguaTjEKQPQcmd5pump,6.533485632550089e-06,6.533485632550089e-06,6.533485632550089e-06,6.533485632550089e-06,12H,1764288000,0.0,usd,2025-11-28,12H
2qgURia1oejhtngnt3cpUXyiKyguaTjEKQPQcmd5pump,6.533485632550089e-06,6.533485632550089e-06,6.533485632550089e-06,6.533485632550089e-06,12H,1764331200,0.0,usd,2025-11-28,12H
2qgURia1oejhtngnt3cpUXyiKyguaTjEKQPQcmd5pump,6.533485632550089e-06,6.533485632550089e-06,6.533485632550089e-06,6.533485632550089e-06,12H,1764374400,0.0,usd,2025-11-29,12H
2qgURia1oejhtngnt3cpUXyiKyguaTjEKQPQcmd5pump,6.533485632550089e-06,6.533485632550089e-06,6.533485632550089e-06,6.533485632550089e-06,12H,1764417600,0.0,usd,2025-11-29,12H
2qgURia1oejhtngnt3cpUXyiKyguaTjEKQPQcmd5pump,6.533485632550089e-06,6.533485632550089e-06,6.533485632550089e-06,6.533485632550089e-06,12H,1764460800,0.0,usd,2025-11-30,12H
2qgURia1oejhtngnt3cpUXyiKyguaTjEKQPQcmd5pump,6.533485632550089e-06,6.533485632550089e-06,6.533485632550089e-06,6.533485632550089e-06,12H,1764504000,0.0,usd,2025-11-30,12H
2qgURia1oejhtngnt3cpUXyiKyguaTjEKQPQcmd5pump,6.533485632550089e-06,6.533485632550089e-06,6.533485632550089e-06,6.533485632550089e-06,12H,1764547200,0.0,usd,2025-12-01,12H
2qgURia1oejhtngnt3cpUXyiKyguaTjEKQPQcmd5pump,6.533485632550089e-06,6.533485632550089e-06,6.533485632550089e-06,6.533485632550089e-06,12H,1764590400,0.0,usd,2025-12-01,12H
2qgURia1oejhtngnt3cpUXyiKyguaTjEKQPQcmd5pump,6.533485632550089e-06,6.533485632550089e-06,6.533485632550089e-06,6.533485632550089e-06,12H,1764633600,0.0,usd,2025-12-02,12H
2qgURia1oejhtngnt3cpUXyiKyguaTjEKQPQcmd5pump,6.533485632550089e-06,6.533485632550089e-06,6.533485632550089e-06,6.533485632550089e-06,12H,1764676800,0.0,usd,2025-12-02,12H
2qgURia1oejhtngnt3cpUXyiKyguaTjEKQPQcmd5pump,6.533485632550089e-06,6.533485632550089e-06,6.533485632550089e-06,6.533485632550089e-06,12H,1764720000,0.0,usd,2025-12-03,12H
2qgURia1oejhtngnt3cpUXyiKyguaTjEKQPQcmd5pump,6.533485632550089e-06,6.533485632550089e-06,6.533485632550089e-06,6.533485632550089e-06,12H,1764763200,0.0,usd,2025-12-03,12H
2qgURia1oejhtngnt3cpUXyiKyguaTjEKQPQcmd5pump,6.533485632550089e-06,6.533485632550089e-06,6.533485632550089e-06,6.533485632550089e-06,12H,1764806400,0.0,usd,2025-12-04,12H
2qgURia1oejhtngnt3cpUXyiKyguaTjEKQPQcmd5pump,6.533485632550089e-06,6.533485632550089e-06,6.533485632550089e-06,6.533485632550089e-06,12H,1764849600,0.0,usd,2025-12-04,12H
2qgURia1oejhtngnt3cpUXyiKyguaTjEKQPQcmd5pump,6.533485632550089e-06,6.533485632550089e-06,6.533485632550089e-06,6.533485632550089e-06,12H,1764892800,0.0,usd,2025-12-05,12H
2qgURia1oejhtngnt3cpUXyiKyguaTjEKQPQcmd5pump,6.533485632550089e-06,6.533485632550089e-06,6.533485632550089e-06,6.533485632550089e-06,12H,1764936000,0.0,usd,2025-12-05,12H
2qgURia1oejhtngnt3cpUXyiKyguaTjEKQPQcmd5pump,6.533485632550089e-06,6.533485632550089e-06,6.533485632550089e-06,6.533485632550089e-06,12H,1764979200,0.0,usd,2025-12-06,12H
2qgURia1oejhtngnt3cpUXyiKyguaTjEKQPQcmd5pump,6.533485632550089e-06,6.533485632550089e-06,6.533485632550089e-06,6.533485632550089e-06,12H,1765022400,0.0,usd,2025-12-06,12H
2qgURia1oejhtngnt3cpUXyiKyguaTjEKQPQcmd5pump,6.533485632550089e-06,6.533485632550089e-06,6.533485632550089e-06,6.533485632550089e-06,12H,1765065600,0.0,usd,2025-12-07,12H
2qgURia1oejhtngnt3cpUXyiKyguaTjEKQPQcmd5pump,6.533485632550089e-06,6.533485632550089e-06,6.533485632550089e-06,6.533485632550089e-06,12H,1765108800,0.0,usd,2025-12-07,12H
2qgURia1oejhtngnt3cpUXyiKyguaTjEKQPQcmd5pump,6.533485632550089e-06,6.533485632550089e-06,6.533485632550089e-06,6.533485632550089e-06,12H,1765152000,0.0,usd,2025-12-08,12H
2qgURia1oejhtngnt3cpUXyiKyguaTjEKQPQcmd5pump,6.533485632550089e-06,6.533485632550089e-06,6.533485632550089e-06,6.533485632550089e-06,12H,1765195200,0.0,usd,2025-12-08,12H
