address,ts,price,date
EF5KYZajLUPDcwC83mDm486hxaUZKWA4hCbitRSMpump,1741219200,4.0040708002295445e-06,2025-03-06
EF5KYZajLUPDcwC83mDm486hxaUZKWA4hCbitRSMpump,1741305600,4.0040708002295445e-06,2025-03-07
EF5KYZajLUPDcwC83mDm486hxaUZKWA4hCbitRSMpump,1741392000,4.0040708002295445e-06,2025-03-08
EF5KYZajLUPDcwC83mDm486hxaUZKWA4hCbitRSMpump,1741478400,4.0040708002295445e-06,2025-03-09
EF5KYZajLUPDcwC83mDm486hxaUZKWA4hCbitRSMpump,1741564800,4.0040708002295445e-06,2025-03-10
EF5KYZajLUPDcwC83mDm486hxaUZKWA4hCbitRSMpump,1741651200,4.0040708002295445e-06,2025-03-11
EF5KYZajLUPDcwC83mDm486hxaUZKWA4hCbitRSMpump,1741737600,4.0040708002295445e-06,2025-03-12
EF5KYZajLUPDcwC83mDm486hxaUZKWA4hCbitRSMpump,1741824000,4.0040708002295445e-06,2025-03-13
EF5KYZajLUPDcwC83mDm486hxaUZKWA4hCbitRSMpump,1741910400,4.0040708002295445e-06,2025-03-14
EF5KYZajLUPDcwC83mDm486hxaUZKWA4hCbitRSMpump,1741996800,4.0040708002295445e-06,2025-03-15
EF5KYZajLUPDcwC83mDm486hxaUZKWA4hCbitRSMpump,1742083200,4.0040708002295445e-06,2025-03-16
EF5KYZajLUPDcwC83mDm486hxaUZKWA4hCbitRSMpump,1742169600,4.0040708002295445e-06,2025-03-17
EF5KYZajLUPDcwC83mDm486hxaUZKWA4hCbitRSMpump,1742256000,4.0040708002295445e-06,2025-03-18
EF5KYZajLUPDcwC83mDm486hxaUZKWA4hCbitRSMpump,1742342400,4.0040708002295445e-06,2025-03-19
EF5KYZajLUPDcwC83mDm486hxaUZKWA4hCbitRSMpump,1742428800,4.0040708002295445e-06,2025-03-20
EF5KYZajLUPDcwC83mDm486hxaUZKWA4hCbitRSMpump,1742515200,4.0040708002295445e-06,2025-03-21
EF5KYZajLUPDcwC83mDm486hxaUZKWA4hCbitRSMpump,1742601600,4.0040708002295445e-06,2025-03-22
EF5KYZajLUPDcwC83mDm486hxaUZKWA4hCbitRSMpump,1742688000,4.0040708002295445e-06,2025-03-23
EF5KYZajLUPDcwC83mDm486hxaUZKWA4hCbitRSMpump,1742774400,4.0040708002295445e-06,2025-03-24
EF5KYZajLUPDcwC83mDm486hxaUZKWA4hCbitRSMpump,1742860800,4.0040708002295445e-06,2025-03-25
EF5KYZajLUPDcwC83mDm486hxaUZKWA4hCbitRSMpump,1742947200,4.0040708002295445e-06,2025-03-26
EF5KYZajLUPDcwC83mDm486hxaUZKWA4hCbitRSMpump,1743033600,4.0040708002295445e-06,2025-03-27
EF5KYZajLUPDcwC83mDm486hxaUZKWA4hCbitRSMpump,1743120000,4.0040708002295445e-06,2025-03-28
EF5KYZajLUPDcwC83mDm486hxaUZKWA4hCbitRSMpump,1743206400,4.0040708002295445e-06,2025-03-29
EF5KYZajLUPDcwC83mDm486hxaUZKWA4hCbitRSMpump,1743292800,4.0040708002295445e-06,2025-03-30
EF5KYZajLUPDcwC83mDm486hxaUZKWA4hCbitRSMpump,1743379200,4.0040708002295445e-06,2025-03-31
EF5KYZajLUPDcwC83mDm486hxaUZKWA4hCbitRSMpump,1743465600,3.551870704575691e-06,2025-04-01
EF5KYZajLUPDcwC83mDm486hxaUZKWA4hCbitRSMpump,1743552000,3.551870704575691e-06,2025-04-02
EF5KYZajLUPDcwC83mDm486hxaUZKWA4hCbitRSMpump,1743638400,3.551870704575691e-06,2025-04-03
EF5KYZajLUPDcwC83mDm486hxaUZKWA4hCbitRSMpump,1743724800,3.551870704575691e-06,2025-04-04
EF5KYZajLUPDcwC83mDm486hxaUZKWA4hCbitRSMpump,1743811200,3.551870704575691e-06,2025-04-05
EF5KYZajLUPDcwC83mDm486hxaUZKWA4hCbitRSMpump,1743897600,3.551870704575691e-06,2025-04-06
EF5KYZajLUPDcwC83mDm486hxaUZKWA4hCbitRSMpump,1743984000,3.551870704575691e-06,2025-04-07
EF5KYZajLUPDcwC83mDm486hxaUZKWA4hCbitRSMpump,1744070400,3.551870704575691e-06,2025-04-08
EF5KYZajLUPDcwC83mDm486hxaUZKWA4hCbitRSMpump,1744156800,3.551870704575691e-06,2025-04-09
EF5KYZajLUPDcwC83mDm486hxaUZKWA4hCbitRSMpump,1744243200,3.551870704575691e-06,2025-04-10
EF5KYZajLUPDcwC83mDm486hxaUZKWA4hCbitRSMpump,1744329600,3.551870704575691e-06,2025-04-11
EF5KYZajLUPDcwC83mDm486hxaUZKWA4hCbitRSMpump,1744416000,3.551870704575691e-06,2025-04-12
EF5KYZajLUPDcwC83mDm486hxaUZKWA4hCbitRSMpump,1744502400,3.551870704575691e-06,2025-04-13
EF5KYZajLUPDcwC83mDm486hxaUZKWA4hCbitRSMpump,1744588800,3.551870704575691e-06,2025-04-14
EF5KYZajLUPDcwC83mDm486hxaUZKWA4hCbitRSMpump,1744675200,3.551870704575691e-06,2025-04-15
EF5KYZajLUPDcwC83mDm486hxaUZKWA4hCbitRSMpump,1744761600,3.551870704575691e-06,2025-04-16
EF5KYZajLUPDcwC83mDm486hxaUZKWA4hCbitRSMpump,1744848000,3.551870704575691e-06,2025-04-17
EF5KYZajLUPDcwC83mDm486hxaUZKWA4hCbitRSMpump,1744934400,3.551870704575691e-06,2025-04-18
EF5KYZajLUPDcwC83mDm486hxaUZKWA4hCbitRSMpump,1745020800,3.551870704575691e-06,2025-04-19
EF5KYZajLUPDcwC83mDm486hxaUZKWA4hCbitRSMpump,1745107200,3.551870704575691e-06,2025-04-20
EF5KYZajLUPDcwC83mDm486hxaUZKWA4hCbitRSMpump,1745193600,3.551870704575691e-06,2025-04-21
EF5KYZajLUPDcwC83mDm486hxaUZKWA4hCbitRSMpump,1745280000,3.551870704575691e-06,2025-04-22
EF5KYZajLUPDcwC83mDm486hxaUZKWA4hCbitRSMpump,1745366400,3.551870704575691e-06,2025-04-23
EF5KYZajLUPDcwC83mDm486hxaUZKWA4hCbitRSMpump,1745452800,3.551870704575691e-06,2025-04-24
EF5KYZajLUPDcwC83mDm486hxaUZKWA4hCbitRSMpump,1745539200,3.551870704575691e-06,2025-04-25
EF5KYZajLUPDcwC83mDm486hxaUZKWA4hCbitRSMpump,1745625600,3.551870704575691e-06,2025-04-26
EF5KYZajLUPDcwC83mDm486hxaUZKWA4hCbitRSMpump,1745712000,3.551870704575691e-06,2025-04-27
EF5KYZajLUPDcwC83mDm486hxaUZKWA4hCbitRSMpump,1745798400,3.551870704575691e-06,2025-04-28
EF5KYZajLUPDcwC83mDm486hxaUZKWA4hCbitRSMpump,1745884800,3.551870704575691e-06,2025-04-29
EF5KYZajLUPDcwC83mDm486hxaUZKWA4hCbitRSMpump,1745971200,3.551870704575691e-06,2025-04-30
EF5KYZajLUPDcwC83mDm486hxaUZKWA4hCbitRSMpump,1746057600,3.551870704575691e-06,2025-05-01
EF5KYZajLUPDcwC83mDm486hxaUZKWA4hCbitRSMpump,1746144000,3.551870704575691e-06,2025-05-02
EF5KYZajLUPDcwC83mDm486hxaUZKWA4hCbitRSMpump,1746230400,3.551870704575691e-06,2025-05-03
EF5KYZajLUPDcwC83mDm486hxaUZKWA4hCbitRSMpump,1746316800,3.551870704575691e-06,2025-05-04
EF5KYZajLUPDcwC83mDm486hxaUZKWA4hCbitRSMpump,1746403200,3.551870704575691e-06,2025-05-05
EF5KYZajLUPDcwC83mDm486hxaUZKWA4hCbitRSMpump,1746489600,3.551870704575691e-06,2025-05-06
EF5KYZajLUPDcwC83mDm486hxaUZKWA4hCbitRSMpump,1746576000,3.551870704575691e-06,2025-05-07
EF5KYZajLUPDcwC83mDm486hxaUZKWA4hCbitRSMpump,1746662400,3.551870704575691e-06,2025-05-08
EF5KYZajLUPDcwC83mDm486hxaUZKWA4hCbitRSMpump,1746748800,3.551870704575691e-06,2025-05-09
EF5KYZajLUPDcwC83mDm486hxaUZKWA4hCbitRSMpump,1746835200,3.551870704575691e-06,2025-05-10
EF5KYZajLUPDcwC83mDm486hxaUZKWA4hCbitRSMpump,1746921600,3.551870704575691e-06,2025-05-11
EF5KYZajLUPDcwC83mDm486hxaUZKWA4hCbitRSMpump,1747008000,3.551870704575691e-06,2025-05-12
EF5KYZajLUPDcwC83mDm486hxaUZKWA4hCbitRSMpump,1747094400,3.551870704575691e-06,2025-05-13
EF5KYZajLUPDcwC83mDm486hxaUZKWA4hCbitRSMpump,1747180800,3.551870704575691e-06,2025-05-14
EF5KYZajLUPDcwC83mDm486hxaUZKWA4hCbitRSMpump,1747267200,3.551870704575691e-06,2025-05-15
EF5KYZajLUPDcwC83mDm486hxaUZKWA4hCbitRSMpump,1747353600,3.551870704575691e-06,2025-05-16
EF5KYZajLUPDcwC83mDm486hxaUZKWA4hCbitRSMpump,1747440000,3.551870704575691e-06,2025-05-17
EF5KYZajLUPDcwC83mDm486hxaUZKWA4hCbitRSMpump,1747526400,3.551870704575691e-06,2025-05-18
EF5KYZajLUPDcwC83mDm486hxaUZKWA4hCbitRSMpump,1747612800,3.551870704575691e-06,2025-05-19
EF5KYZajLUPDcwC83mDm486hxaUZKWA4hCbitRSMpump,1747699200,3.551870704575691e-06,2025-05-20
EF5KYZajLUPDcwC83mDm486hxaUZKWA4hCbitRSMpump,1747785600,3.551870704575691e-06,2025-05-21
EF5KYZajLUPDcwC83mDm486hxaUZKWA4hCbitRSMpump,1747872000,3.551870704575691e-06,2025-05-22
EF5KYZajLUPDcwC83mDm486hxaUZKWA4hCbitRSMpump,1747958400,3.551870704575691e-06,2025-05-23
EF5KYZajLUPDcwC83mDm486hxaUZKWA4hCbitRSMpump,1748044800,3.551870704575691e-06,2025-05-24
EF5KYZajLUPDcwC83mDm486hxaUZKWA4hCbitRSMpump,1748131200,3.551870704575691e-06,2025-05-25
EF5KYZajLUPDcwC83mDm486hxaUZKWA4hCbitRSMpump,1748217600,3.551870704575691e-06,2025-05-26
EF5KYZajLUPDcwC83mDm486hxaUZKWA4hCbitRSMpump,1748304000,3.551870704575691e-06,2025-05-27
EF5KYZajLUPDcwC83mDm486hxaUZKWA4hCbitRSMpump,1748390400,3.551870704575691e-06,2025-05-28
EF5KYZajLUPDcwC83mDm486hxaUZKWA4hCbitRSMpump,1748476800,3.551870704575691e-06,2025-05-29
EF5KYZajLUPDcwC83mDm486hxaUZKWA4hCbitRSMpump,1748563200,3.551870704575691e-06,2025-05-30
EF5KYZajLUPDcwC83mDm486hxaUZKWA4hCbitRSMpump,1748649600,3.551870704575691e-06,2025-05-31
EF5KYZajLUPDcwC83mDm486hxaUZKWA4hCbitRSMpump,1748736000,3.551870704575691e-06,2025-06-01
EF5KYZajLUPDcwC83mDm486hxaUZKWA4hCbitRSMpump,1748822400,3.551870704575691e-06,2025-06-02
EF5KYZajLUPDcwC83mDm486hxaUZKWA4hCbitRSMpump,1748908800,3.551870704575691e-06,2025-06-03
EF5KYZajLUPDcwC83mDm486hxaUZKWA4hCbitRSMpump,1748995200,3.551870704575691e-06,2025-06-04
EF5KYZajLUPDcwC83mDm486hxaUZKWA4hCbitRSMpump,1749081600,3.551870704575691e-06,2025-06-05
EF5KYZajLUPDcwC83mDm486hxaUZKWA4hCbitRSMpump,1749168000,3.551870704575691e-06,2025-06-06
EF5KYZajLUPDcwC83mDm486hxaUZKWA4hCbitRSMpump,1749254400,3.551870704575691e-06,2025-06-07
EF5KYZajLUPDcwC83mDm486hxaUZKWA4hCbitRSMpump,1749340800,3.551870704575691e-06,2025-06-08
EF5KYZajLUPDcwC83mDm486hxaUZKWA4hCbitRSMpump,1749427200,3.551870704575691e-06,2025-06-09
EF5KYZajLUPDcwC83mDm486hxaUZKWA4hCbitRSMpump,1749513600,3.551870704575691e-06,2025-06-10
EF5KYZajLUPDcwC83mDm486hxaUZKWA4hCbitRSMpump,1749600000,3.551870704575691e-06,2025-06-11
EF5KYZajLUPDcwC83mDm486hxaUZKWA4hCbitRSMpump,1749686400,3.551870704575691e-06,2025-06-12
EF5KYZajLUPDcwC83mDm486hxaUZKWA4hCbitRSMpump,1749772800,3.551870704575691e-06,2025-06-13
EF5KYZajLUPDcwC83mDm486hxaUZKWA4hCbitRSMpump,1749859200,3.551870704575691e-06,2025-06-14
EF5KYZajLUPDcwC83mDm486hxaUZKWA4hCbitRSMpump,1749945600,3.551870704575691e-06,2025-06-15
EF5KYZajLUPDcwC83mDm486hxaUZKWA4hCbitRSMpump,1750032000,3.551870704575691e-06,2025-06-16
EF5KYZajLUPDcwC83mDm486hxaUZKWA4hCbitRSMpump,1750118400,3.551870704575691e-06,2025-06-17
EF5KYZajLUPDcwC83mDm486hxaUZKWA4hCbitRSMpump,1750204800,3.551870704575691e-06,2025-06-18
EF5KYZajLUPDcwC83mDm486hxaUZKWA4hCbitRSMpump,1750291200,3.551870704575691e-06,2025-06-19
EF5KYZajLUPDcwC83mDm486hxaUZKWA4hCbitRSMpump,1750377600,3.551870704575691e-06,2025-06-20
EF5KYZajLUPDcwC83mDm486hxaUZKWA4hCbitRSMpump,1750464000,3.551870704575691e-06,2025-06-21
EF5KYZajLUPDcwC83mDm486hxaUZKWA4hCbitRSMpump,1750550400,3.551870704575691e-06,2025-06-22
EF5KYZajLUPDcwC83mDm486hxaUZKWA4hCbitRSMpump,1750636800,3.551870704575691e-06,2025-06-23
EF5KYZajLUPDcwC83mDm486hxaUZKWA4hCbitRSMpump,1750723200,3.551870704575691e-06,2025-06-24
EF5KYZajLUPDcwC83mDm486hxaUZKWA4hCbitRSMpump,1750809600,3.551870704575691e-06,2025-06-25
EF5KYZajLUPDcwC83mDm486hxaUZKWA4hCbitRSMpump,1750896000,3.551870704575691e-06,2025-06-26
EF5KYZajLUPDcwC83mDm486hxaUZKWA4hCbitRSMpump,1750982400,3.551870704575691e-06,2025-06-27
EF5KYZajLUPDcwC83mDm486hxaUZKWA4hCbitRSMpump,1751068800,3.551870704575691e-06,2025-06-28
EF5KYZajLUPDcwC83mDm486hxaUZKWA4hCbitRSMpump,1751155200,3.551870704575691e-06,2025-06-29
EF5KYZajLUPDcwC83mDm486hxaUZKWA4hCbitRSMpump,1751241600,3.551870704575691e-06,2025-06-30
EF5KYZajLUPDcwC83mDm486hxaUZKWA4hCbitRSMpump,1751328000,3.551870704575691e-06,2025-07-01
EF5KYZajLUPDcwC83mDm486hxaUZKWA4hCbitRSMpump,1751414400,3.551870704575691e-06,2025-07-02
EF5KYZajLUPDcwC83mDm486hxaUZKWA4hCbitRSMpump,1751500800,3.551870704575691e-06,2025-07-03
EF5KYZajLUPDcwC83mDm486hxaUZKWA4hCbitRSMpump,1751587200,3.551870704575691e-06,2025-07-04
EF5KYZajLUPDcwC83mDm486hxaUZKWA4hCbitRSMpump,1751673600,3.551870704575691e-06,2025-07-05
EF5KYZajLUPDcwC83mDm486hxaUZKWA4hCbitRSMpump,1751760000,3.551870704575691e-06,2025-07-06
EF5KYZajLUPDcwC83mDm486hxaUZKWA4hCbitRSMpump,1751846400,3.551870704575691e-06,2025-07-07
EF5KYZajLUPDcwC83mDm486hxaUZKWA4hCbitRSMpump,1751932800,3.551870704575691e-06,2025-07-08
EF5KYZajLUPDcwC83mDm486hxaUZKWA4hCbitRSMpump,1752019200,3.551870704575691e-06,2025-07-09
EF5KYZajLUPDcwC83mDm486hxaUZKWA4hCbitRSMpump,1752105600,3.551870704575691e-06,2025-07-10
EF5KYZajLUPDcwC83mDm486hxaUZKWA4hCbitRSMpump,1752192000,3.551870704575691e-06,2025-07-11
EF5KYZajLUPDcwC83mDm486hxaUZKWA4hCbitRSMpump,1752278400,3.551870704575691e-06,2025-07-12
EF5KYZajLUPDcwC83mDm486hxaUZKWA4hCbitRSMpump,1752364800,3.551870704575691e-06,2025-07-13
EF5KYZajLUPDcwC83mDm486hxaUZKWA4hCbitRSMpump,1752451200,3.551870704575691e-06,2025-07-14
EF5KYZajLUPDcwC83mDm486hxaUZKWA4hCbitRSMpump,1752537600,3.551870704575691e-06,2025-07-15
EF5KYZajLUPDcwC83mDm486hxaUZKWA4hCbitRSMpump,1752624000,3.551870704575691e-06,2025-07-16
EF5KYZajLUPDcwC83mDm486hxaUZKWA4hCbitRSMpump,1752710400,3.551870704575691e-06,2025-07-17
EF5KYZajLUPDcwC83mDm486hxaUZKWA4hCbitRSMpump,1752796800,3.551870704575691e-06,2025-07-18
EF5KYZajLUPDcwC83mDm486hxaUZKWA4hCbitRSMpump,1752883200,3.551870704575691e-06,2025-07-19
EF5KYZajLUPDcwC83mDm486hxaUZKWA4hCbitRSMpump,1752969600,3.551870704575691e-06,2025-07-20
EF5KYZajLUPDcwC83mDm486hxaUZKWA4hCbitRSMpump,1753056000,3.551870704575691e-06,2025-07-21
EF5KYZajLUPDcwC83mDm486hxaUZKWA4hCbitRSMpump,1753142400,3.551870704575691e-06,2025-07-22
EF5KYZajLUPDcwC83mDm486hxaUZKWA4hCbitRSMpump,1753228800,3.551870704575691e-06,2025-07-23
EF5KYZajLUPDcwC83mDm486hxaUZKWA4hCbitRSMpump,1753315200,3.551870704575691e-06,2025-07-24
EF5KYZajLUPDcwC83mDm486hxaUZKWA4hCbitRSMpump,1753401600,3.551870704575691e-06,2025-07-25
EF5KYZajLUPDcwC83mDm486hxaUZKWA4hCbitRSMpump,1753488000,3.551870704575691e-06,2025-07-26
EF5KYZajLUPDcwC83mDm486hxaUZKWA4hCbitRSMpump,1753574400,3.551870704575691e-06,2025-07-27
EF5KYZajLUPDcwC83mDm486hxaUZKWA4hCbitRSMpump,1753660800,3.551870704575691e-06,2025-07-28
EF5KYZajLUPDcwC83mDm486hxaUZKWA4hCbitRSMpump,1753747200,3.551870704575691e-06,2025-07-29
EF5KYZajLUPDcwC83mDm486hxaUZKWA4hCbitRSMpump,1753833600,3.551870704575691e-06,2025-07-30
EF5KYZajLUPDcwC83mDm486hxaUZKWA4hCbitRSMpump,1753920000,3.551870704575691e-06,2025-07-31
EF5KYZajLUPDcwC83mDm486hxaUZKWA4hCbitRSMpump,1754006400,3.551870704575691e-06,2025-08-01
EF5KYZajLUPDcwC83mDm486hxaUZKWA4hCbitRSMpump,1754092800,3.551870704575691e-06,2025-08-02
EF5KYZajLUPDcwC83mDm486hxaUZKWA4hCbitRSMpump,1754179200,3.551870704575691e-06,2025-08-03
EF5KYZajLUPDcwC83mDm486hxaUZKWA4hCbitRSMpump,1754265600,3.551870704575691e-06,2025-08-04
EF5KYZajLUPDcwC83mDm486hxaUZKWA4hCbitRSMpump,1754352000,3.551870704575691e-06,2025-08-05
EF5KYZajLUPDcwC83mDm486hxaUZKWA4hCbitRSMpump,1754438400,3.551870704575691e-06,2025-08-06
EF5KYZajLUPDcwC83mDm486hxaUZKWA4hCbitRSMpump,1754524800,3.551870704575691e-06,2025-08-07
EF5KYZajLUPDcwC83mDm486hxaUZKWA4hCbitRSMpump,1754611200,3.551870704575691e-06,2025-08-08
EF5KYZajLUPDcwC83mDm486hxaUZKWA4hCbitRSMpump,1754697600,3.551870704575691e-06,2025-08-09
EF5KYZajLUPDcwC83mDm486hxaUZKWA4hCbitRSMpump,1754784000,3.551870704575691e-06,2025-08-10
EF5KYZajLUPDcwC83mDm486hxaUZKWA4hCbitRSMpump,1754870400,3.551870704575691e-06,2025-08-11
EF5KYZajLUPDcwC83mDm486hxaUZKWA4hCbitRSMpump,1754956800,3.551870704575691e-06,2025-08-12
EF5KYZajLUPDcwC83mDm486hxaUZKWA4hCbitRSMpump,1755043200,3.551870704575691e-06,2025-08-13
EF5KYZajLUPDcwC83mDm486hxaUZKWA4hCbitRSMpump,1755129600,3.551870704575691e-06,2025-08-14
EF5KYZajLUPDcwC83mDm486hxaUZKWA4hCbitRSMpump,1755216000,3.551870704575691e-06,2025-08-15
EF5KYZajLUPDcwC83mDm486hxaUZKWA4hCbitRSMpump,1755302400,3.551870704575691e-06,2025-08-16
EF5KYZajLUPDcwC83mDm486hxaUZKWA4hCbitRSMpump,1755388800,3.551870704575691e-06,2025-08-17
EF5KYZajLUPDcwC83mDm486hxaUZKWA4hCbitRSMpump,1755475200,3.551870704575691e-06,2025-08-18
EF5KYZajLUPDcwC83mDm486hxaUZKWA4hCbitRSMpump,1755561600,3.551870704575691e-06,2025-08-19
EF5KYZajLUPDcwC83mDm486hxaUZKWA4hCbitRSMpump,1755648000,3.551870704575691e-06,2025-08-20
EF5KYZajLUPDcwC83mDm486hxaUZKWA4hCbitRSMpump,1755734400,3.551870704575691e-06,2025-08-21
EF5KYZajLUPDcwC83mDm486hxaUZKWA4hCbitRSMpump,1755820800,3.551870704575691e-06,2025-08-22
EF5KYZajLUPDcwC83mDm486hxaUZKWA4hCbitRSMpump,1755907200,3.551870704575691e-06,2025-08-23
EF5KYZajLUPDcwC83mDm486hxaUZKWA4hCbitRSMpump,1755993600,3.551870704575691e-06,2025-08-24
EF5KYZajLUPDcwC83mDm486hxaUZKWA4hCbitRSMpump,1756080000,3.551870704575691e-06,2025-08-25
EF5KYZajLUPDcwC83mDm486hxaUZKWA4hCbitRSMpump,1756166400,3.551870704575691e-06,2025-08-26
EF5KYZajLUPDcwC83mDm486hxaUZKWA4hCbitRSMpump,1756252800,3.551870704575691e-06,2025-08-27
EF5KYZajLUPDcwC83mDm486hxaUZKWA4hCbitRSMpump,1756339200,3.551870704575691e-06,2025-08-28
EF5KYZajLUPDcwC83mDm486hxaUZKWA4hCbitRSMpump,1756425600,3.551870704575691e-06,2025-08-29
EF5KYZajLUPDcwC83mDm486hxaUZKWA4hCbitRSMpump,1756512000,3.551870704575691e-06,2025-08-30
EF5KYZajLUPDcwC83mDm486hxaUZKWA4hCbitRSMpump,1756598400,3.551870704575691e-06,2025-08-31
EF5KYZajLUPDcwC83mDm486hxaUZKWA4hCbitRSMpump,1756684800,3.551870704575691e-06,2025-09-01
EF5KYZajLUPDcwC83mDm486hxaUZKWA4hCbitRSMpump,1756771200,3.551870704575691e-06,2025-09-02
EF5KYZajLUPDcwC83mDm486hxaUZKWA4hCbitRSMpump,1756857600,3.551870704575691e-06,2025-09-03
EF5KYZajLUPDcwC83mDm486hxaUZKWA4hCbitRSMpump,1756944000,3.551870704575691e-06,2025-09-04
EF5KYZajLUPDcwC83mDm486hxaUZKWA4hCbitRSMpump,1757030400,3.551870704575691e-06,2025-09-05
EF5KYZajLUPDcwC83mDm486hxaUZKWA4hCbitRSMpump,1757116800,3.551870704575691e-06,2025-09-06
EF5KYZajLUPDcwC83mDm486hxaUZKWA4hCbitRSMpump,1757203200,3.551870704575691e-06,2025-09-07
EF5KYZajLUPDcwC83mDm486hxaUZKWA4hCbitRSMpump,1757289600,3.551870704575691e-06,2025-09-08
EF5KYZajLUPDcwC83mDm486hxaUZKWA4hCbitRSMpump,1757376000,3.551870704575691e-06,2025-09-09
EF5KYZajLUPDcwC83mDm486hxaUZKWA4hCbitRSMpump,1757462400,3.551870704575691e-06,2025-09-10
EF5KYZajLUPDcwC83mDm486hxaUZKWA4hCbitRSMpump,1757548800,3.551870704575691e-06,2025-09-11
EF5KYZajLUPDcwC83mDm486hxaUZKWA4hCbitRSMpump,1757635200,3.551870704575691e-06,2025-09-12
EF5KYZajLUPDcwC83mDm486hxaUZKWA4hCbitRSMpump,1757721600,3.551870704575691e-06,2025-09-13
EF5KYZajLUPDcwC83mDm486hxaUZKWA4hCbitRSMpump,1757808000,3.551870704575691e-06,2025-09-14
EF5KYZajLUPDcwC83mDm486hxaUZKWA4hCbitRSMpump,1757894400,3.551870704575691e-06,2025-09-15
EF5KYZajLUPDcwC83mDm486hxaUZKWA4hCbitRSMpump,1757980800,3.551870704575691e-06,2025-09-16
EF5KYZajLUPDcwC83mDm486hxaUZKWA4hCbitRSMpump,1758067200,3.551870704575691e-06,2025-09-17
EF5KYZajLUPDcwC83mDm486hxaUZKWA4hCbitRSMpump,1758153600,3.551870704575691e-06,2025-09-18
EF5KYZajLUPDcwC83mDm486hxaUZKWA4hCbitRSMpump,1758240000,3.551870704575691e-06,2025-09-19
EF5KYZajLUPDcwC83mDm486hxaUZKWA4hCbitRSMpump,1758326400,3.551870704575691e-06,2025-09-20
EF5KYZajLUPDcwC83mDm486hxaUZKWA4hCbitRSMpump,1758412800,3.551870704575691e-06,2025-09-21
EF5KYZajLUPDcwC83mDm486hxaUZKWA4hCbitRSMpump,1758499200,3.551870704575691e-06,2025-09-22
EF5KYZajLUPDcwC83mDm486hxaUZKWA4hCbitRSMpump,1758585600,3.551870704575691e-06,2025-09-23
EF5KYZajLUPDcwC83mDm486hxaUZKWA4hCbitRSMpump,1758672000,3.551870704575691e-06,2025-09-24
EF5KYZajLUPDcwC83mDm486hxaUZKWA4hCbitRSMpump,1758758400,3.551870704575691e-06,2025-09-25
EF5KYZajLUPDcwC83mDm486hxaUZKWA4hCbitRSMpump,1758844800,3.551870704575691e-06,2025-09-26
EF5KYZajLUPDcwC83mDm486hxaUZKWA4hCbitRSMpump,1758931200,3.551870704575691e-06,2025-09-27
EF5KYZajLUPDcwC83mDm486hxaUZKWA4hCbitRSMpump,1759017600,3.551870704575691e-06,2025-09-28
EF5KYZajLUPDcwC83mDm486hxaUZKWA4hCbitRSMpump,1759104000,3.551870704575691e-06,2025-09-29
EF5KYZajLUPDcwC83mDm486hxaUZKWA4hCbitRSMpump,1759190400,3.551870704575691e-06,2025-09-30
EF5KYZajLUPDcwC83mDm486hxaUZKWA4hCbitRSMpump,1759276800,3.551870704575691e-06,2025-10-01
EF5KYZajLUPDcwC83mDm486hxaUZKWA4hCbitRSMpump,1759363200,3.551870704575691e-06,2025-10-02
EF5KYZajLUPDcwC83mDm486hxaUZKWA4hCbitRSMpump,1759449600,3.551870704575691e-06,2025-10-03
EF5KYZajLUPDcwC83mDm486hxaUZKWA4hCbitRSMpump,1759536000,3.551870704575691e-06,2025-10-04
EF5KYZajLUPDcwC83mDm486hxaUZKWA4hCbitRSMpump,1759622400,3.551870704575691e-06,2025-10-05
EF5KYZajLUPDcwC83mDm486hxaUZKWA4hCbitRSMpump,1759708800,3.551870704575691e-06,2025-10-06
EF5KYZajLUPDcwC83mDm486hxaUZKWA4hCbitRSMpump,1759795200,3.551870704575691e-06,2025-10-07
EF5KYZajLUPDcwC83mDm486hxaUZKWA4hCbitRSMpump,1759881600,3.551870704575691e-06,2025-10-08
EF5KYZajLUPDcwC83mDm486hxaUZKWA4hCbitRSMpump,1759968000,3.551870704575691e-06,2025-10-09
EF5KYZajLUPDcwC83mDm486hxaUZKWA4hCbitRSMpump,1760054400,3.551870704575691e-06,2025-10-10
EF5KYZajLUPDcwC83mDm486hxaUZKWA4hCbitRSMpump,1760140800,3.551870704575691e-06,2025-10-11
EF5KYZajLUPDcwC83mDm486hxaUZKWA4hCbitRSMpump,1760227200,3.551870704575691e-06,2025-10-12
EF5KYZajLUPDcwC83mDm486hxaUZKWA4hCbitRSMpump,1760313600,3.551870704575691e-06,2025-10-13
EF5KYZajLUPDcwC83mDm486hxaUZKWA4hCbitRSMpump,1760400000,3.551870704575691e-06,2025-10-14
EF5KYZajLUPDcwC83mDm486hxaUZKWA4hCbitRSMpump,1760486400,3.551870704575691e-06,2025-10-15
EF5KYZajLUPDcwC83mDm486hxaUZKWA4hCbitRSMpump,1760572800,3.551870704575691e-06,2025-10-16
EF5KYZajLUPDcwC83mDm486hxaUZKWA4hCbitRSMpump,1760659200,3.551870704575691e-06,2025-10-17
EF5KYZajLUPDcwC83mDm486hxaUZKWA4hCbitRSMpump,1760745600,3.551870704575691e-06,2025-10-18
EF5KYZajLUPDcwC83mDm486hxaUZKWA4hCbitRSMpump,1760832000,3.551870704575691e-06,2025-10-19
EF5KYZajLUPDcwC83mDm486hxaUZKWA4hCbitRSMpump,1760918400,3.551870704575691e-06,2025-10-20
EF5KYZajLUPDcwC83mDm486hxaUZKWA4hCbitRSMpump,1761004800,3.551870704575691e-06,2025-10-21
EF5KYZajLUPDcwC83mDm486hxaUZKWA4hCbitRSMpump,1761091200,3.551870704575691e-06,2025-10-22
EF5KYZajLUPDcwC83mDm486hxaUZKWA4hCbitRSMpump,1761177600,3.551870704575691e-06,2025-10-23
EF5KYZajLUPDcwC83mDm486hxaUZKWA4hCbitRSMpump,1761264000,3.551870704575691e-06,2025-10-24
EF5KYZajLUPDcwC83mDm486hxaUZKWA4hCbitRSMpump,1761350400,3.551870704575691e-06,2025-10-25
EF5KYZajLUPDcwC83mDm486hxaUZKWA4hCbitRSMpump,1761436800,3.551870704575691e-06,2025-10-26
EF5KYZajLUPDcwC83mDm486hxaUZKWA4hCbitRSMpump,1761523200,3.551870704575691e-06,2025-10-27
EF5KYZajLUPDcwC83mDm486hxaUZKWA4hCbitRSMpump,1761609600,3.551870704575691e-06,2025-10-28
EF5KYZajLUPDcwC83mDm486hxaUZKWA4hCbitRSMpump,1761696000,3.551870704575691e-06,2025-10-29
EF5KYZajLUPDcwC83mDm486hxaUZKWA4hCbitRSMpump,1761782400,3.551870704575691e-06,2025-10-30
EF5KYZajLUPDcwC83mDm486hxaUZKWA4hCbitRSMpump,1761868800,3.551870704575691e-06,2025-10-31
EF5KYZajLUPDcwC83mDm486hxaUZKWA4hCbitRSMpump,1761955200,3.551870704575691e-06,2025-11-01
EF5KYZajLUPDcwC83mDm486hxaUZKWA4hCbitRSMpump,1762041600,3.551870704575691e-06,2025-11-02
EF5KYZajLUPDcwC83mDm486hxaUZKWA4hCbitRSMpump,1762128000,3.551870704575691e-06,2025-11-03
EF5KYZajLUPDcwC83mDm486hxaUZKWA4hCbitRSMpump,1762214400,3.551870704575691e-06,2025-11-04
EF5KYZajLUPDcwC83mDm486hxaUZKWA4hCbitRSMpump,1762300800,3.551870704575691e-06,2025-11-05
EF5KYZajLUPDcwC83mDm486hxaUZKWA4hCbitRSMpump,1762387200,3.551870704575691e-06,2025-11-06
EF5KYZajLUPDcwC83mDm486hxaUZKWA4hCbitRSMpump,1762473600,3.551870704575691e-06,2025-11-07
EF5KYZajLUPDcwC83mDm486hxaUZKWA4hCbitRSMpump,1762560000,3.551870704575691e-06,2025-11-08
EF5KYZajLUPDcwC83mDm486hxaUZKWA4hCbitRSMpump,1762646400,3.551870704575691e-06,2025-11-09
EF5KYZajLUPDcwC83mDm486hxaUZKWA4hCbitRSMpump,1762732800,3.551870704575691e-06,2025-11-10
EF5KYZajLUPDcwC83mDm486hxaUZKWA4hCbitRSMpump,1762819200,3.551870704575691e-06,2025-11-11
EF5KYZajLUPDcwC83mDm486hxaUZKWA4hCbitRSMpump,1762905600,3.551870704575691e-06,2025-11-12
EF5KYZajLUPDcwC83mDm486hxaUZKWA4hCbitRSMpump,1762992000,3.551870704575691e-06,2025-11-13
EF5KYZajLUPDcwC83mDm486hxaUZKWA4hCbitRSMpump,1763078400,3.551870704575691e-06,2025-11-14
EF5KYZajLUPDcwC83mDm486hxaUZKWA4hCbitRSMpump,1763164800,3.551870704575691e-06,2025-11-15
EF5KYZajLUPDcwC83mDm486hxaUZKWA4hCbitRSMpump,1763251200,3.551870704575691e-06,2025-11-16
EF5KYZajLUPDcwC83mDm486hxaUZKWA4hCbitRSMpump,1763337600,3.551870704575691e-06,2025-11-17
EF5KYZajLUPDcwC83mDm486hxaUZKWA4hCbitRSMpump,1763424000,3.551870704575691e-06,2025-11-18
EF5KYZajLUPDcwC83mDm486hxaUZKWA4hCbitRSMpump,1763510400,3.551870704575691e-06,2025-11-19
EF5KYZajLUPDcwC83mDm486hxaUZKWA4hCbitRSMpump,1763596800,3.551870704575691e-06,2025-11-20
EF5KYZajLUPDcwC83mDm486hxaUZKWA4hCbitRSMpump,1763683200,3.551870704575691e-06,2025-11-21
EF5KYZajLUPDcwC83mDm486hxaUZKWA4hCbitRSMpump,1763769600,3.551870704575691e-06,2025-11-22
EF5KYZajLUPDcwC83mDm486hxaUZKWA4hCbitRSMpump,1763856000,3.551870704575691e-06,2025-11-23
EF5KYZajLUPDcwC83mDm486hxaUZKWA4hCbitRSMpump,1763942400,3.551870704575691e-06,2025-11-24
