address,ts,price,date
2YMZWyPowgPPEA26UMgK4W28We3LQNu8GW54FvVypump,1739404800,5.467934554595766e-06,2025-02-13
2YMZWyPowgPPEA26UMgK4W28We3LQNu8GW54FvVypump,1739491200,5.467934554595766e-06,2025-02-14
2YMZWyPowgPPEA26UMgK4W28We3LQNu8GW54FvVypump,1739577600,5.467934554595766e-06,2025-02-15
2YMZWyPowgPPEA26UMgK4W28We3LQNu8GW54FvVypump,1739664000,5.467934554595766e-06,2025-02-16
2YMZWyPowgPPEA26UMgK4W28We3LQNu8GW54FvVypump,1739750400,5.467934554595766e-06,2025-02-17
2YMZWyPowgPPEA26UMgK4W28We3LQNu8GW54FvVypump,1739836800,5.467934554595766e-06,2025-02-18
2YMZWyPowgPPEA26UMgK4W28We3LQNu8GW54FvVypump,1739923200,5.467934554595766e-06,2025-02-19
2YMZWyPowgPPEA26UMgK4W28We3LQNu8GW54FvVypump,1740009600,5.467934554595766e-06,2025-02-20
2YMZWyPowgPPEA26UMgK4W28We3LQNu8GW54FvVypump,1740096000,5.467934554595766e-06,2025-02-21
2YMZWyPowgPPEA26UMgK4W28We3LQNu8GW54FvVypump,1740182400,5.467934554595766e-06,2025-02-22
2YMZWyPowgPPEA26UMgK4W28We3LQNu8GW54FvVypump,1740268800,5.467934554595766e-06,2025-02-23
2YMZWyPowgPPEA26UMgK4W28We3LQNu8GW54FvVypump,1740355200,5.467934554595766e-06,2025-02-24
2YMZWyPowgPPEA26UMgK4W28We3LQNu8GW54FvVypump,1740441600,5.467934554595766e-06,2025-02-25
2YMZWyPowgPPEA26UMgK4W28We3LQNu8GW54FvVypump,1740528000,5.467934554595766e-06,2025-02-26
2YMZWyPowgPPEA26UMgK4W28We3LQNu8GW54FvVypump,1740614400,5.467934554595766e-06,2025-02-27
2YMZWyPowgPPEA26UMgK4W28We3LQNu8GW54FvVypump,1740700800,5.467934554595766e-06,2025-02-28
2YMZWyPowgPPEA26UMgK4W28We3LQNu8GW54FvVypump,1740787200,5.467934554595766e-06,2025-03-01
2YMZWyPowgPPEA26UMgK4W28We3LQNu8GW54FvVypump,1740873600,5.467934554595766e-06,2025-03-02
2YMZWyPowgPPEA26UMgK4W28We3LQNu8GW54FvVypump,1740960000,5.467934554595766e-06,2025-03-03
2YMZWyPowgPPEA26UMgK4W28We3LQNu8GW54FvVypump,1741046400,5.467934554595766e-06,2025-03-04
2YMZWyPowgPPEA26UMgK4W28We3LQNu8GW54FvVypump,1741132800,5.467934554595766e-06,2025-03-05
2YMZWyPowgPPEA26UMgK4W28We3LQNu8GW54FvVypump,1741219200,5.467934554595766e-06,2025-03-06
2YMZWyPowgPPEA26UMgK4W28We3LQNu8GW54FvVypump,1741305600,5.467934554595766e-06,2025-03-07
2YMZWyPowgPPEA26UMgK4W28We3LQNu8GW54FvVypump,1741392000,5.467934554595766e-06,2025-03-08
2YMZWyPowgPPEA26UMgK4W28We3LQNu8GW54FvVypump,1741478400,5.467934554595766e-06,2025-03-09
2YMZWyPowgPPEA26UMgK4W28We3LQNu8GW54FvVypump,1741564800,5.467934554595766e-06,2025-03-10
2YMZWyPowgPPEA26UMgK4W28We3LQNu8GW54FvVypump,1741651200,5.467934554595766e-06,2025-03-11
2YMZWyPowgPPEA26UMgK4W28We3LQNu8GW54FvVypump,1741737600,5.467934554595766e-06,2025-03-12
2YMZWyPowgPPEA26UMgK4W28We3LQNu8GW54FvVypump,1741824000,5.467934554595766e-06,2025-03-13
2YMZWyPowgPPEA26UMgK4W28We3LQNu8GW54FvVypump,1741910400,5.467934554595766e-06,2025-03-14
2YMZWyPowgPPEA26UMgK4W28We3LQNu8GW54FvVypump,1741996800,5.467934554595766e-06,2025-03-15
2YMZWyPowgPPEA26UMgK4W28We3LQNu8GW54FvVypump,1742083200,5.467934554595766e-06,2025-03-16
2YMZWyPowgPPEA26UMgK4W28We3LQNu8GW54FvVypump,1742169600,5.467934554595766e-06,2025-03-17
2YMZWyPowgPPEA26UMgK4W28We3LQNu8GW54FvVypump,1742256000,5.467934554595766e-06,2025-03-18
2YMZWyPowgPPEA26UMgK4W28We3LQNu8GW54FvVypump,1742342400,5.467934554595766e-06,2025-03-19
2YMZWyPowgPPEA26UMgK4W28We3LQNu8GW54FvVypump,1742428800,5.467934554595766e-06,2025-03-20
2YMZWyPowgPPEA26UMgK4W28We3LQNu8GW54FvVypump,1742515200,5.467934554595766e-06,2025-03-21
2YMZWyPowgPPEA26UMgK4W28We3LQNu8GW54FvVypump,1742601600,5.467934554595766e-06,2025-03-22
2YMZWyPowgPPEA26UMgK4W28We3LQNu8GW54FvVypump,1742688000,5.467934554595766e-06,2025-03-23
2YMZWyPowgPPEA26UMgK4W28We3LQNu8GW54FvVypump,1742774400,5.467934554595766e-06,2025-03-24
2YMZWyPowgPPEA26UMgK4W28We3LQNu8GW54FvVypump,1742860800,5.467934554595766e-06,2025-03-25
2YMZWyPowgPPEA26UMgK4W28We3LQNu8GW54FvVypump,1742947200,5.467934554595766e-06,2025-03-26
2YMZWyPowgPPEA26UMgK4W28We3LQNu8GW54FvVypump,1743033600,5.467934554595766e-06,2025-03-27
2YMZWyPowgPPEA26UMgK4W28We3LQNu8GW54FvVypump,1743120000,5.467934554595766e-06,2025-03-28
2YMZWyPowgPPEA26UMgK4W28We3LQNu8GW54FvVypump,1743206400,5.467934554595766e-06,2025-03-29
2YMZWyPowgPPEA26UMgK4W28We3LQNu8GW54FvVypump,1743292800,5.467934554595766e-06,2025-03-30
2YMZWyPowgPPEA26UMgK4W28We3LQNu8GW54FvVypump,1743379200,5.467934554595766e-06,2025-03-31
2YMZWyPowgPPEA26UMgK4W28We3LQNu8GW54FvVypump,1743465600,5.467934554595766e-06,2025-04-01
2YMZWyPowgPPEA26UMgK4W28We3LQNu8GW54FvVypump,1743552000,5.467934554595766e-06,2025-04-02
2YMZWyPowgPPEA26UMgK4W28We3LQNu8GW54FvVypump,1743638400,5.467934554595766e-06,2025-04-03
2YMZWyPowgPPEA26UMgK4W28We3LQNu8GW54FvVypump,1743724800,5.467934554595766e-06,2025-04-04
2YMZWyPowgPPEA26UMgK4W28We3LQNu8GW54FvVypump,1743811200,5.467934554595766e-06,2025-04-05
2YMZWyPowgPPEA26UMgK4W28We3LQNu8GW54FvVypump,1743897600,5.467934554595766e-06,2025-04-06
2YMZWyPowgPPEA26UMgK4W28We3LQNu8GW54FvVypump,1743984000,5.467934554595766e-06,2025-04-07
2YMZWyPowgPPEA26UMgK4W28We3LQNu8GW54FvVypump,1744070400,5.467934554595766e-06,2025-04-08
2YMZWyPowgPPEA26UMgK4W28We3LQNu8GW54FvVypump,1744156800,5.467934554595766e-06,2025-04-09
2YMZWyPowgPPEA26UMgK4W28We3LQNu8GW54FvVypump,1744243200,5.467934554595766e-06,2025-04-10
2YMZWyPowgPPEA26UMgK4W28We3LQNu8GW54FvVypump,1744329600,5.467934554595766e-06,2025-04-11
2YMZWyPowgPPEA26UMgK4W28We3LQNu8GW54FvVypump,1744416000,5.467934554595766e-06,2025-04-12
2YMZWyPowgPPEA26UMgK4W28We3LQNu8GW54FvVypump,1744502400,5.467934554595766e-06,2025-04-13
2YMZWyPowgPPEA26UMgK4W28We3LQNu8GW54FvVypump,1744588800,5.467934554595766e-06,2025-04-14
2YMZWyPowgPPEA26UMgK4W28We3LQNu8GW54FvVypump,1744675200,5.467934554595766e-06,2025-04-15
2YMZWyPowgPPEA26UMgK4W28We3LQNu8GW54FvVypump,1744761600,5.467934554595766e-06,2025-04-16
2YMZWyPowgPPEA26UMgK4W28We3LQNu8GW54FvVypump,1744848000,5.467934554595766e-06,2025-04-17
2YMZWyPowgPPEA26UMgK4W28We3LQNu8GW54FvVypump,1744934400,5.467934554595766e-06,2025-04-18
2YMZWyPowgPPEA26UMgK4W28We3LQNu8GW54FvVypump,1745020800,5.467934554595766e-06,2025-04-19
2YMZWyPowgPPEA26UMgK4W28We3LQNu8GW54FvVypump,1745107200,5.467934554595766e-06,2025-04-20
2YMZWyPowgPPEA26UMgK4W28We3LQNu8GW54FvVypump,1745193600,5.467934554595766e-06,2025-04-21
2YMZWyPowgPPEA26UMgK4W28We3LQNu8GW54FvVypump,1745280000,5.467934554595766e-06,2025-04-22
2YMZWyPowgPPEA26UMgK4W28We3LQNu8GW54FvVypump,1745366400,5.467934554595766e-06,2025-04-23
2YMZWyPowgPPEA26UMgK4W28We3LQNu8GW54FvVypump,1745452800,5.467934554595766e-06,2025-04-24
2YMZWyPowgPPEA26UMgK4W28We3LQNu8GW54FvVypump,1745539200,5.467934554595766e-06,2025-04-25
2YMZWyPowgPPEA26UMgK4W28We3LQNu8GW54FvVypump,1745625600,5.467934554595766e-06,2025-04-26
2YMZWyPowgPPEA26UMgK4W28We3LQNu8GW54FvVypump,1745712000,5.467934554595766e-06,2025-04-27
2YMZWyPowgPPEA26UMgK4W28We3LQNu8GW54FvVypump,1745798400,5.467934554595766e-06,2025-04-28
2YMZWyPowgPPEA26UMgK4W28We3LQNu8GW54FvVypump,1745884800,5.467934554595766e-06,2025-04-29
2YMZWyPowgPPEA26UMgK4W28We3LQNu8GW54FvVypump,1745971200,5.467934554595766e-06,2025-04-30
2YMZWyPowgPPEA26UMgK4W28We3LQNu8GW54FvVypump,1746057600,5.467934554595766e-06,2025-05-01
2YMZWyPowgPPEA26UMgK4W28We3LQNu8GW54FvVypump,1746144000,5.467934554595766e-06,2025-05-02
2YMZWyPowgPPEA26UMgK4W28We3LQNu8GW54FvVypump,1746230400,5.467934554595766e-06,2025-05-03
2YMZWyPowgPPEA26UMgK4W28We3LQNu8GW54FvVypump,1746316800,5.467934554595766e-06,2025-05-04
2YMZWyPowgPPEA26UMgK4W28We3LQNu8GW54FvVypump,1746403200,5.467934554595766e-06,2025-05-05
2YMZWyPowgPPEA26UMgK4W28We3LQNu8GW54FvVypump,1746489600,5.467934554595766e-06,2025-05-06
2YMZWyPowgPPEA26UMgK4W28We3LQNu8GW54FvVypump,1746576000,5.467934554595766e-06,2025-05-07
2YMZWyPowgPPEA26UMgK4W28We3LQNu8GW54FvVypump,1746662400,5.467934554595766e-06,2025-05-08
2YMZWyPowgPPEA26UMgK4W28We3LQNu8GW54FvVypump,1746748800,5.467934554595766e-06,2025-05-09
2YMZWyPowgPPEA26UMgK4W28We3LQNu8GW54FvVypump,1746835200,5.467934554595766e-06,2025-05-10
2YMZWyPowgPPEA26UMgK4W28We3LQNu8GW54FvVypump,1746921600,5.467934554595766e-06,2025-05-11
2YMZWyPowgPPEA26UMgK4W28We3LQNu8GW54FvVypump,1747008000,5.467934554595766e-06,2025-05-12
2YMZWyPowgPPEA26UMgK4W28We3LQNu8GW54FvVypump,1747094400,5.467934554595766e-06,2025-05-13
2YMZWyPowgPPEA26UMgK4W28We3LQNu8GW54FvVypump,1747180800,5.467934554595766e-06,2025-05-14
2YMZWyPowgPPEA26UMgK4W28We3LQNu8GW54FvVypump,1747267200,5.467934554595766e-06,2025-05-15
2YMZWyPowgPPEA26UMgK4W28We3LQNu8GW54FvVypump,1747353600,5.467934554595766e-06,2025-05-16
2YMZWyPowgPPEA26UMgK4W28We3LQNu8GW54FvVypump,1747440000,5.467934554595766e-06,2025-05-17
2YMZWyPowgPPEA26UMgK4W28We3LQNu8GW54FvVypump,1747526400,5.467934554595766e-06,2025-05-18
2YMZWyPowgPPEA26UMgK4W28We3LQNu8GW54FvVypump,1747612800,5.467934554595766e-06,2025-05-19
2YMZWyPowgPPEA26UMgK4W28We3LQNu8GW54FvVypump,1747699200,5.467934554595766e-06,2025-05-20
2YMZWyPowgPPEA26UMgK4W28We3LQNu8GW54FvVypump,1747785600,5.467934554595766e-06,2025-05-21
2YMZWyPowgPPEA26UMgK4W28We3LQNu8GW54FvVypump,1747872000,5.467934554595766e-06,2025-05-22
2YMZWyPowgPPEA26UMgK4W28We3LQNu8GW54FvVypump,1747958400,5.467934554595766e-06,2025-05-23
2YMZWyPowgPPEA26UMgK4W28We3LQNu8GW54FvVypump,1748044800,5.467934554595766e-06,2025-05-24
2YMZWyPowgPPEA26UMgK4W28We3LQNu8GW54FvVypump,1748131200,5.467934554595766e-06,2025-05-25
2YMZWyPowgPPEA26UMgK4W28We3LQNu8GW54FvVypump,1748217600,5.467934554595766e-06,2025-05-26
2YMZWyPowgPPEA26UMgK4W28We3LQNu8GW54FvVypump,1748304000,5.467934554595766e-06,2025-05-27
2YMZWyPowgPPEA26UMgK4W28We3LQNu8GW54FvVypump,1748390400,5.467934554595766e-06,2025-05-28
2YMZWyPowgPPEA26UMgK4W28We3LQNu8GW54FvVypump,1748476800,5.467934554595766e-06,2025-05-29
2YMZWyPowgPPEA26UMgK4W28We3LQNu8GW54FvVypump,1748563200,5.467934554595766e-06,2025-05-30
2YMZWyPowgPPEA26UMgK4W28We3LQNu8GW54FvVypump,1748649600,5.467934554595766e-06,2025-05-31
2YMZWyPowgPPEA26UMgK4W28We3LQNu8GW54FvVypump,1748736000,5.467934554595766e-06,2025-06-01
2YMZWyPowgPPEA26UMgK4W28We3LQNu8GW54FvVypump,1748822400,5.467934554595766e-06,2025-06-02
2YMZWyPowgPPEA26UMgK4W28We3LQNu8GW54FvVypump,1748908800,5.467934554595766e-06,2025-06-03
2YMZWyPowgPPEA26UMgK4W28We3LQNu8GW54FvVypump,1748995200,5.467934554595766e-06,2025-06-04
2YMZWyPowgPPEA26UMgK4W28We3LQNu8GW54FvVypump,1749081600,5.467934554595766e-06,2025-06-05
2YMZWyPowgPPEA26UMgK4W28We3LQNu8GW54FvVypump,1749168000,5.467934554595766e-06,2025-06-06
2YMZWyPowgPPEA26UMgK4W28We3LQNu8GW54FvVypump,1749254400,5.467934554595766e-06,2025-06-07
2YMZWyPowgPPEA26UMgK4W28We3LQNu8GW54FvVypump,1749340800,5.467934554595766e-06,2025-06-08
2YMZWyPowgPPEA26UMgK4W28We3LQNu8GW54FvVypump,1749427200,5.467934554595766e-06,2025-06-09
2YMZWyPowgPPEA26UMgK4W28We3LQNu8GW54FvVypump,1749513600,5.467934554595766e-06,2025-06-10
2YMZWyPowgPPEA26UMgK4W28We3LQNu8GW54FvVypump,1749600000,5.467934554595766e-06,2025-06-11
2YMZWyPowgPPEA26UMgK4W28We3LQNu8GW54FvVypump,1749686400,5.467934554595766e-06,2025-06-12
2YMZWyPowgPPEA26UMgK4W28We3LQNu8GW54FvVypump,1749772800,5.467934554595766e-06,2025-06-13
2YMZWyPowgPPEA26UMgK4W28We3LQNu8GW54FvVypump,1749859200,5.467934554595766e-06,2025-06-14
2YMZWyPowgPPEA26UMgK4W28We3LQNu8GW54FvVypump,1749945600,5.467934554595766e-06,2025-06-15
2YMZWyPowgPPEA26UMgK4W28We3LQNu8GW54FvVypump,1750032000,5.467934554595766e-06,2025-06-16
2YMZWyPowgPPEA26UMgK4W28We3LQNu8GW54FvVypump,1750118400,5.467934554595766e-06,2025-06-17
2YMZWyPowgPPEA26UMgK4W28We3LQNu8GW54FvVypump,1750204800,5.467934554595766e-06,2025-06-18
2YMZWyPowgPPEA26UMgK4W28We3LQNu8GW54FvVypump,1750291200,5.467934554595766e-06,2025-06-19
2YMZWyPowgPPEA26UMgK4W28We3LQNu8GW54FvVypump,1750377600,5.467934554595766e-06,2025-06-20
2YMZWyPowgPPEA26UMgK4W28We3LQNu8GW54FvVypump,1750464000,5.467934554595766e-06,2025-06-21
2YMZWyPowgPPEA26UMgK4W28We3LQNu8GW54FvVypump,1750550400,5.467934554595766e-06,2025-06-22
2YMZWyPowgPPEA26UMgK4W28We3LQNu8GW54FvVypump,1750636800,5.467934554595766e-06,2025-06-23
2YMZWyPowgPPEA26UMgK4W28We3LQNu8GW54FvVypump,1750723200,5.467934554595766e-06,2025-06-24
2YMZWyPowgPPEA26UMgK4W28We3LQNu8GW54FvVypump,1750809600,5.467934554595766e-06,2025-06-25
2YMZWyPowgPPEA26UMgK4W28We3LQNu8GW54FvVypump,1750896000,5.467934554595766e-06,2025-06-26
2YMZWyPowgPPEA26UMgK4W28We3LQNu8GW54FvVypump,1750982400,5.467934554595766e-06,2025-06-27
2YMZWyPowgPPEA26UMgK4W28We3LQNu8GW54FvVypump,1751068800,5.467934554595766e-06,2025-06-28
2YMZWyPowgPPEA26UMgK4W28We3LQNu8GW54FvVypump,1751155200,5.467934554595766e-06,2025-06-29
2YMZWyPowgPPEA26UMgK4W28We3LQNu8GW54FvVypump,1751241600,5.467934554595766e-06,2025-06-30
2YMZWyPowgPPEA26UMgK4W28We3LQNu8GW54FvVypump,1751328000,5.467934554595766e-06,2025-07-01
2YMZWyPowgPPEA26UMgK4W28We3LQNu8GW54FvVypump,1751414400,5.467934554595766e-06,2025-07-02
2YMZWyPowgPPEA26UMgK4W28We3LQNu8GW54FvVypump,1751500800,5.467934554595766e-06,2025-07-03
2YMZWyPowgPPEA26UMgK4W28We3LQNu8GW54FvVypump,1751587200,5.467934554595766e-06,2025-07-04
2YMZWyPowgPPEA26UMgK4W28We3LQNu8GW54FvVypump,1751673600,5.467934554595766e-06,2025-07-05
2YMZWyPowgPPEA26UMgK4W28We3LQNu8GW54FvVypump,1751760000,5.467934554595766e-06,2025-07-06
2YMZWyPowgPPEA26UMgK4W28We3LQNu8GW54FvVypump,1751846400,5.467934554595766e-06,2025-07-07
2YMZWyPowgPPEA26UMgK4W28We3LQNu8GW54FvVypump,1751932800,5.467934554595766e-06,2025-07-08
2YMZWyPowgPPEA26UMgK4W28We3LQNu8GW54FvVypump,1752019200,5.467934554595766e-06,2025-07-09
2YMZWyPowgPPEA26UMgK4W28We3LQNu8GW54FvVypump,1752105600,5.467934554595766e-06,2025-07-10
2YMZWyPowgPPEA26UMgK4W28We3LQNu8GW54FvVypump,1752192000,5.467934554595766e-06,2025-07-11
2YMZWyPowgPPEA26UMgK4W28We3LQNu8GW54FvVypump,1752278400,5.467934554595766e-06,2025-07-12
2YMZWyPowgPPEA26UMgK4W28We3LQNu8GW54FvVypump,1752364800,5.467934554595766e-06,2025-07-13
2YMZWyPowgPPEA26UMgK4W28We3LQNu8GW54FvVypump,1752451200,5.467934554595766e-06,2025-07-14
2YMZWyPowgPPEA26UMgK4W28We3LQNu8GW54FvVypump,1752537600,5.467934554595766e-06,2025-07-15
2YMZWyPowgPPEA26UMgK4W28We3LQNu8GW54FvVypump,1752624000,5.467934554595766e-06,2025-07-16
2YMZWyPowgPPEA26UMgK4W28We3LQNu8GW54FvVypump,1752710400,5.467934554595766e-06,2025-07-17
2YMZWyPowgPPEA26UMgK4W28We3LQNu8GW54FvVypump,1752796800,5.467934554595766e-06,2025-07-18
2YMZWyPowgPPEA26UMgK4W28We3LQNu8GW54FvVypump,1752883200,5.467934554595766e-06,2025-07-19
2YMZWyPowgPPEA26UMgK4W28We3LQNu8GW54FvVypump,1752969600,5.467934554595766e-06,2025-07-20
2YMZWyPowgPPEA26UMgK4W28We3LQNu8GW54FvVypump,1753056000,5.467934554595766e-06,2025-07-21
2YMZWyPowgPPEA26UMgK4W28We3LQNu8GW54FvVypump,1753142400,5.467934554595766e-06,2025-07-22
2YMZWyPowgPPEA26UMgK4W28We3LQNu8GW54FvVypump,1753228800,5.467934554595766e-06,2025-07-23
2YMZWyPowgPPEA26UMgK4W28We3LQNu8GW54FvVypump,1753315200,5.467934554595766e-06,2025-07-24
2YMZWyPowgPPEA26UMgK4W28We3LQNu8GW54FvVypump,1753401600,5.467934554595766e-06,2025-07-25
2YMZWyPowgPPEA26UMgK4W28We3LQNu8GW54FvVypump,1753488000,5.467934554595766e-06,2025-07-26
2YMZWyPowgPPEA26UMgK4W28We3LQNu8GW54FvVypump,1753574400,5.467934554595766e-06,2025-07-27
2YMZWyPowgPPEA26UMgK4W28We3LQNu8GW54FvVypump,1753660800,5.467934554595766e-06,2025-07-28
2YMZWyPowgPPEA26UMgK4W28We3LQNu8GW54FvVypump,1753747200,5.467934554595766e-06,2025-07-29
2YMZWyPowgPPEA26UMgK4W28We3LQNu8GW54FvVypump,1753833600,5.467934554595766e-06,2025-07-30
2YMZWyPowgPPEA26UMgK4W28We3LQNu8GW54FvVypump,1753920000,5.467934554595766e-06,2025-07-31
2YMZWyPowgPPEA26UMgK4W28We3LQNu8GW54FvVypump,1754006400,5.467934554595766e-06,2025-08-01
2YMZWyPowgPPEA26UMgK4W28We3LQNu8GW54FvVypump,1754092800,5.467934554595766e-06,2025-08-02
2YMZWyPowgPPEA26UMgK4W28We3LQNu8GW54FvVypump,1754179200,5.467934554595766e-06,2025-08-03
2YMZWyPowgPPEA26UMgK4W28We3LQNu8GW54FvVypump,1754265600,5.467934554595766e-06,2025-08-04
2YMZWyPowgPPEA26UMgK4W28We3LQNu8GW54FvVypump,1754352000,5.467934554595766e-06,2025-08-05
2YMZWyPowgPPEA26UMgK4W28We3LQNu8GW54FvVypump,1754438400,5.467934554595766e-06,2025-08-06
2YMZWyPowgPPEA26UMgK4W28We3LQNu8GW54FvVypump,1754524800,5.467934554595766e-06,2025-08-07
2YMZWyPowgPPEA26UMgK4W28We3LQNu8GW54FvVypump,1754611200,5.467934554595766e-06,2025-08-08
2YMZWyPowgPPEA26UMgK4W28We3LQNu8GW54FvVypump,1754697600,5.467934554595766e-06,2025-08-09
2YMZWyPowgPPEA26UMgK4W28We3LQNu8GW54FvVypump,1754784000,5.467934554595766e-06,2025-08-10
2YMZWyPowgPPEA26UMgK4W28We3LQNu8GW54FvVypump,1754870400,5.467934554595766e-06,2025-08-11
2YMZWyPowgPPEA26UMgK4W28We3LQNu8GW54FvVypump,1754956800,5.467934554595766e-06,2025-08-12
2YMZWyPowgPPEA26UMgK4W28We3LQNu8GW54FvVypump,1755043200,5.467934554595766e-06,2025-08-13
2YMZWyPowgPPEA26UMgK4W28We3LQNu8GW54FvVypump,1755129600,5.467934554595766e-06,2025-08-14
2YMZWyPowgPPEA26UMgK4W28We3LQNu8GW54FvVypump,1755216000,5.467934554595766e-06,2025-08-15
2YMZWyPowgPPEA26UMgK4W28We3LQNu8GW54FvVypump,1755302400,5.467934554595766e-06,2025-08-16
2YMZWyPowgPPEA26UMgK4W28We3LQNu8GW54FvVypump,1755388800,5.467934554595766e-06,2025-08-17
2YMZWyPowgPPEA26UMgK4W28We3LQNu8GW54FvVypump,1755475200,5.467934554595766e-06,2025-08-18
2YMZWyPowgPPEA26UMgK4W28We3LQNu8GW54FvVypump,1755561600,5.467934554595766e-06,2025-08-19
2YMZWyPowgPPEA26UMgK4W28We3LQNu8GW54FvVypump,1755648000,5.467934554595766e-06,2025-08-20
2YMZWyPowgPPEA26UMgK4W28We3LQNu8GW54FvVypump,1755734400,5.467934554595766e-06,2025-08-21
2YMZWyPowgPPEA26UMgK4W28We3LQNu8GW54FvVypump,1755820800,5.467934554595766e-06,2025-08-22
2YMZWyPowgPPEA26UMgK4W28We3LQNu8GW54FvVypump,1755907200,5.467934554595766e-06,2025-08-23
2YMZWyPowgPPEA26UMgK4W28We3LQNu8GW54FvVypump,1755993600,5.467934554595766e-06,2025-08-24
2YMZWyPowgPPEA26UMgK4W28We3LQNu8GW54FvVypump,1756080000,5.467934554595766e-06,2025-08-25
2YMZWyPowgPPEA26UMgK4W28We3LQNu8GW54FvVypump,1756166400,5.467934554595766e-06,2025-08-26
2YMZWyPowgPPEA26UMgK4W28We3LQNu8GW54FvVypump,1756252800,5.467934554595766e-06,2025-08-27
2YMZWyPowgPPEA26UMgK4W28We3LQNu8GW54FvVypump,1756339200,5.467934554595766e-06,2025-08-28
2YMZWyPowgPPEA26UMgK4W28We3LQNu8GW54FvVypump,1756425600,5.467934554595766e-06,2025-08-29
2YMZWyPowgPPEA26UMgK4W28We3LQNu8GW54FvVypump,1756512000,5.467934554595766e-06,2025-08-30
2YMZWyPowgPPEA26UMgK4W28We3LQNu8GW54FvVypump,1756598400,5.467934554595766e-06,2025-08-31
2YMZWyPowgPPEA26UMgK4W28We3LQNu8GW54FvVypump,1756684800,5.467934554595766e-06,2025-09-01
2YMZWyPowgPPEA26UMgK4W28We3LQNu8GW54FvVypump,1756771200,5.467934554595766e-06,2025-09-02
2YMZWyPowgPPEA26UMgK4W28We3LQNu8GW54FvVypump,1756857600,5.467934554595766e-06,2025-09-03
2YMZWyPowgPPEA26UMgK4W28We3LQNu8GW54FvVypump,1756944000,5.467934554595766e-06,2025-09-04
2YMZWyPowgPPEA26UMgK4W28We3LQNu8GW54FvVypump,1757030400,5.467934554595766e-06,2025-09-05
2YMZWyPowgPPEA26UMgK4W28We3LQNu8GW54FvVypump,1757116800,5.467934554595766e-06,2025-09-06
2YMZWyPowgPPEA26UMgK4W28We3LQNu8GW54FvVypump,1757203200,5.467934554595766e-06,2025-09-07
2YMZWyPowgPPEA26UMgK4W28We3LQNu8GW54FvVypump,1757289600,5.467934554595766e-06,2025-09-08
2YMZWyPowgPPEA26UMgK4W28We3LQNu8GW54FvVypump,1757376000,5.467934554595766e-06,2025-09-09
2YMZWyPowgPPEA26UMgK4W28We3LQNu8GW54FvVypump,1757462400,5.467934554595766e-06,2025-09-10
2YMZWyPowgPPEA26UMgK4W28We3LQNu8GW54FvVypump,1757548800,5.467934554595766e-06,2025-09-11
2YMZWyPowgPPEA26UMgK4W28We3LQNu8GW54FvVypump,1757635200,5.467934554595766e-06,2025-09-12
2YMZWyPowgPPEA26UMgK4W28We3LQNu8GW54FvVypump,1757721600,5.467934554595766e-06,2025-09-13
2YMZWyPowgPPEA26UMgK4W28We3LQNu8GW54FvVypump,1757808000,5.467934554595766e-06,2025-09-14
2YMZWyPowgPPEA26UMgK4W28We3LQNu8GW54FvVypump,1757894400,5.467934554595766e-06,2025-09-15
2YMZWyPowgPPEA26UMgK4W28We3LQNu8GW54FvVypump,1757980800,5.467934554595766e-06,2025-09-16
2YMZWyPowgPPEA26UMgK4W28We3LQNu8GW54FvVypump,1758067200,5.467934554595766e-06,2025-09-17
2YMZWyPowgPPEA26UMgK4W28We3LQNu8GW54FvVypump,1758153600,5.467934554595766e-06,2025-09-18
2YMZWyPowgPPEA26UMgK4W28We3LQNu8GW54FvVypump,1758240000,5.467934554595766e-06,2025-09-19
2YMZWyPowgPPEA26UMgK4W28We3LQNu8GW54FvVypump,1758326400,5.467934554595766e-06,2025-09-20
2YMZWyPowgPPEA26UMgK4W28We3LQNu8GW54FvVypump,1758412800,5.467934554595766e-06,2025-09-21
2YMZWyPowgPPEA26UMgK4W28We3LQNu8GW54FvVypump,1758499200,5.467934554595766e-06,2025-09-22
2YMZWyPowgPPEA26UMgK4W28We3LQNu8GW54FvVypump,1758585600,5.467934554595766e-06,2025-09-23
2YMZWyPowgPPEA26UMgK4W28We3LQNu8GW54FvVypump,1758672000,5.467934554595766e-06,2025-09-24
2YMZWyPowgPPEA26UMgK4W28We3LQNu8GW54FvVypump,1758758400,5.467934554595766e-06,2025-09-25
2YMZWyPowgPPEA26UMgK4W28We3LQNu8GW54FvVypump,1758844800,5.467934554595766e-06,2025-09-26
2YMZWyPowgPPEA26UMgK4W28We3LQNu8GW54FvVypump,1758931200,5.467934554595766e-06,2025-09-27
2YMZWyPowgPPEA26UMgK4W28We3LQNu8GW54FvVypump,1759017600,5.467934554595766e-06,2025-09-28
2YMZWyPowgPPEA26UMgK4W28We3LQNu8GW54FvVypump,1759104000,5.467934554595766e-06,2025-09-29
2YMZWyPowgPPEA26UMgK4W28We3LQNu8GW54FvVypump,1759190400,5.467934554595766e-06,2025-09-30
2YMZWyPowgPPEA26UMgK4W28We3LQNu8GW54FvVypump,1759276800,5.467934554595766e-06,2025-10-01
2YMZWyPowgPPEA26UMgK4W28We3LQNu8GW54FvVypump,1759363200,5.467934554595766e-06,2025-10-02
2YMZWyPowgPPEA26UMgK4W28We3LQNu8GW54FvVypump,1759449600,5.467934554595766e-06,2025-10-03
2YMZWyPowgPPEA26UMgK4W28We3LQNu8GW54FvVypump,1759536000,5.467934554595766e-06,2025-10-04
2YMZWyPowgPPEA26UMgK4W28We3LQNu8GW54FvVypump,1759622400,5.467934554595766e-06,2025-10-05
2YMZWyPowgPPEA26UMgK4W28We3LQNu8GW54FvVypump,1759708800,5.467934554595766e-06,2025-10-06
2YMZWyPowgPPEA26UMgK4W28We3LQNu8GW54FvVypump,1759795200,5.467934554595766e-06,2025-10-07
2YMZWyPowgPPEA26UMgK4W28We3LQNu8GW54FvVypump,1759881600,5.467934554595766e-06,2025-10-08
2YMZWyPowgPPEA26UMgK4W28We3LQNu8GW54FvVypump,1759968000,5.467934554595766e-06,2025-10-09
2YMZWyPowgPPEA26UMgK4W28We3LQNu8GW54FvVypump,1760054400,5.467934554595766e-06,2025-10-10
2YMZWyPowgPPEA26UMgK4W28We3LQNu8GW54FvVypump,1760140800,5.467934554595766e-06,2025-10-11
2YMZWyPowgPPEA26UMgK4W28We3LQNu8GW54FvVypump,1760227200,5.467934554595766e-06,2025-10-12
2YMZWyPowgPPEA26UMgK4W28We3LQNu8GW54FvVypump,1760313600,5.467934554595766e-06,2025-10-13
2YMZWyPowgPPEA26UMgK4W28We3LQNu8GW54FvVypump,1760400000,5.467934554595766e-06,2025-10-14
2YMZWyPowgPPEA26UMgK4W28We3LQNu8GW54FvVypump,1760486400,5.467934554595766e-06,2025-10-15
2YMZWyPowgPPEA26UMgK4W28We3LQNu8GW54FvVypump,1760572800,5.467934554595766e-06,2025-10-16
2YMZWyPowgPPEA26UMgK4W28We3LQNu8GW54FvVypump,1760659200,5.467934554595766e-06,2025-10-17
2YMZWyPowgPPEA26UMgK4W28We3LQNu8GW54FvVypump,1760745600,5.467934554595766e-06,2025-10-18
2YMZWyPowgPPEA26UMgK4W28We3LQNu8GW54FvVypump,1760832000,5.467934554595766e-06,2025-10-19
2YMZWyPowgPPEA26UMgK4W28We3LQNu8GW54FvVypump,1760918400,5.467934554595766e-06,2025-10-20
2YMZWyPowgPPEA26UMgK4W28We3LQNu8GW54FvVypump,1761004800,5.467934554595766e-06,2025-10-21
2YMZWyPowgPPEA26UMgK4W28We3LQNu8GW54FvVypump,1761091200,5.467934554595766e-06,2025-10-22
2YMZWyPowgPPEA26UMgK4W28We3LQNu8GW54FvVypump,1761177600,5.467934554595766e-06,2025-10-23
2YMZWyPowgPPEA26UMgK4W28We3LQNu8GW54FvVypump,1761264000,5.467934554595766e-06,2025-10-24
2YMZWyPowgPPEA26UMgK4W28We3LQNu8GW54FvVypump,1761350400,5.467934554595766e-06,2025-10-25
2YMZWyPowgPPEA26UMgK4W28We3LQNu8GW54FvVypump,1761436800,5.467934554595766e-06,2025-10-26
2YMZWyPowgPPEA26UMgK4W28We3LQNu8GW54FvVypump,1761523200,5.467934554595766e-06,2025-10-27
2YMZWyPowgPPEA26UMgK4W28We3LQNu8GW54FvVypump,1761609600,5.467934554595766e-06,2025-10-28
2YMZWyPowgPPEA26UMgK4W28We3LQNu8GW54FvVypump,1761696000,5.467934554595766e-06,2025-10-29
2YMZWyPowgPPEA26UMgK4W28We3LQNu8GW54FvVypump,1761782400,5.467934554595766e-06,2025-10-30
2YMZWyPowgPPEA26UMgK4W28We3LQNu8GW54FvVypump,1761868800,5.467934554595766e-06,2025-10-31
2YMZWyPowgPPEA26UMgK4W28We3LQNu8GW54FvVypump,1761955200,5.467934554595766e-06,2025-11-01
2YMZWyPowgPPEA26UMgK4W28We3LQNu8GW54FvVypump,1762041600,5.467934554595766e-06,2025-11-02
2YMZWyPowgPPEA26UMgK4W28We3LQNu8GW54FvVypump,1762128000,5.467934554595766e-06,2025-11-03
2YMZWyPowgPPEA26UMgK4W28We3LQNu8GW54FvVypump,1762214400,5.467934554595766e-06,2025-11-04
2YMZWyPowgPPEA26UMgK4W28We3LQNu8GW54FvVypump,1762300800,5.467934554595766e-06,2025-11-05
2YMZWyPowgPPEA26UMgK4W28We3LQNu8GW54FvVypump,1762387200,5.467934554595766e-06,2025-11-06
2YMZWyPowgPPEA26UMgK4W28We3LQNu8GW54FvVypump,1762473600,5.467934554595766e-06,2025-11-07
2YMZWyPowgPPEA26UMgK4W28We3LQNu8GW54FvVypump,1762560000,5.467934554595766e-06,2025-11-08
2YMZWyPowgPPEA26UMgK4W28We3LQNu8GW54FvVypump,1762646400,5.467934554595766e-06,2025-11-09
2YMZWyPowgPPEA26UMgK4W28We3LQNu8GW54FvVypump,1762732800,5.467934554595766e-06,2025-11-10
2YMZWyPowgPPEA26UMgK4W28We3LQNu8GW54FvVypump,1762819200,5.467934554595766e-06,2025-11-11
2YMZWyPowgPPEA26UMgK4W28We3LQNu8GW54FvVypump,1762905600,5.467934554595766e-06,2025-11-12
2YMZWyPowgPPEA26UMgK4W28We3LQNu8GW54FvVypump,1762992000,5.467934554595766e-06,2025-11-13
2YMZWyPowgPPEA26UMgK4W28We3LQNu8GW54FvVypump,1763078400,5.467934554595766e-06,2025-11-14
2YMZWyPowgPPEA26UMgK4W28We3LQNu8GW54FvVypump,1763164800,5.467934554595766e-06,2025-11-15
2YMZWyPowgPPEA26UMgK4W28We3LQNu8GW54FvVypump,1763251200,5.467934554595766e-06,2025-11-16
2YMZWyPowgPPEA26UMgK4W28We3LQNu8GW54FvVypump,1763337600,5.467934554595766e-06,2025-11-17
2YMZWyPowgPPEA26UMgK4W28We3LQNu8GW54FvVypump,1763424000,5.467934554595766e-06,2025-11-18
2YMZWyPowgPPEA26UMgK4W28We3LQNu8GW54FvVypump,1763510400,5.467934554595766e-06,2025-11-19
2YMZWyPowgPPEA26UMgK4W28We3LQNu8GW54FvVypump,1763596800,5.467934554595766e-06,2025-11-20
2YMZWyPowgPPEA26UMgK4W28We3LQNu8GW54FvVypump,1763683200,5.467934554595766e-06,2025-11-21
2YMZWyPowgPPEA26UMgK4W28We3LQNu8GW54FvVypump,1763769600,5.467934554595766e-06,2025-11-22
2YMZWyPowgPPEA26UMgK4W28We3LQNu8GW54FvVypump,1763856000,5.467934554595766e-06,2025-11-23
2YMZWyPowgPPEA26UMgK4W28We3LQNu8GW54FvVypump,1763942400,5.467934554595766e-06,2025-11-24
